Description: Results from the BQRRP speed comparison benchmark, recording the time it takes to perform BQRRP and alternative QR and QRCP factorizations.
File format: 7 columns, containing time for each algorithm: BQRRP+CholQR, BQRRP+QRF, HQRRP, HQRRP+QRF, HQRRP+CholQR, QRF, QP3;               rows correspond to BQRRP runs with block sizes varying in powers of 2, with numruns repititions of each block size
Num OMP threads:1
Input type:2
Input size:32000 by 32000
Additional parameters: BQRRP block sizes: 5, 10, 25, 50, 125, 250, 500, 1000, 2000, 4000, 8000, num runs per size 3 BQRRP d factor: 1.000000
0, 0, 3233680000, 0, 0, 494114193, 3712378792,
0, 0, 3240820000, 0, 0, 494114193, 3712378792,
0, 0, 3224250000, 0, 0, 494114193, 3712378792,
0, 0, 1741830000, 0, 0, 494114193, 3712378792,
0, 0, 1742010000, 0, 0, 494114193, 3712378792,
0, 0, 1743460000, 0, 0, 494114193, 3712378792,
0, 0, 935715000, 0, 0, 494114193, 3712378792,
0, 0, 934557000, 0, 0, 494114193, 3712378792,
0, 0, 934598000, 0, 0, 494114193, 3712378792,
0, 0, 809088000, 0, 0, 494114193, 3712378792,
0, 0, 810014000, 0, 0, 494114193, 3712378792,
0, 0, 808612000, 0, 0, 494114193, 3712378792,
0, 0, 561257000, 0, 0, 494114193, 3712378792,
0, 0, 561362000, 0, 0, 494114193, 3712378792,
0, 0, 561594000, 0, 0, 494114193, 3712378792,
0, 0, 517719000, 0, 0, 494114193, 3712378792,
0, 0, 517506000, 0, 0, 494114193, 3712378792,
0, 0, 519795000, 0, 0, 494114193, 3712378792,
0, 0, 609467000, 0, 0, 494114193, 3712378792,
0, 0, 609817000, 0, 0, 494114193, 3712378792,
0, 0, 609665000, 0, 0, 494114193, 3712378792,
0, 0, 849143000, 0, 0, 494114193, 3712378792,
0, 0, 847919000, 0, 0, 494114193, 3712378792,
0, 0, 850883000, 0, 0, 494114193, 3712378792,
0, 0, 1387230000, 0, 0, 494114193, 3712378792,
0, 0, 1387240000, 0, 0, 494114193, 3712378792,
0, 0, 1415310000, 0, 0, 494114193, 3712378792,
0, 0, 2560050000, 0, 0, 494114193, 3712378792,
0, 0, 2559050000, 0, 0, 494114193, 3712378792,
0, 0, 2559540000, 0, 0, 494114193, 3712378792,
0, 0, 4915190000, 0, 0, 494114193, 3712378792,
0, 0, 4866250000, 0, 0, 494114193, 3712378792,
0, 0, 4845880000, 0, 0, 494114193, 3712378792,
Description: Results from the BQRRP speed comparison benchmark, recording the time it takes to perform BQRRP and alternative QR and QRCP factorizations.
File format: 7 columns, containing time for each algorithm: BQRRP+CholQR, BQRRP+QRF, HQRRP, HQRRP+QRF, HQRRP+CholQR, QRF, QP3;               rows correspond to BQRRP runs with block sizes varying in powers of 2, with numruns repititions of each block size
Num OMP threads:4
Input type:2
Input size:32000 by 32000
Additional parameters: BQRRP block sizes: 5, 10, 25, 50, 125, 250, 500, 1000, 2000, 4000, 8000, num runs per size 3 BQRRP d factor: 1.000000
0, 0, 879575000, 0, 0, 109488914, 996789437,
0, 0, 891607000, 0, 0, 109488914, 996789437,
0, 0, 893210000, 0, 0, 109488914, 996789437,
0, 0, 505587000, 0, 0, 109488914, 996789437,
0, 0, 500828000, 0, 0, 109488914, 996789437,
0, 0, 511409000, 0, 0, 109488914, 996789437,
0, 0, 276196000, 0, 0, 109488914, 996789437,
0, 0, 278235000, 0, 0, 109488914, 996789437,
0, 0, 272279000, 0, 0, 109488914, 996789437,
0, 0, 245862000, 0, 0, 109488914, 996789437,
0, 0, 246025000, 0, 0, 109488914, 996789437,
0, 0, 244193000, 0, 0, 109488914, 996789437,
0, 0, 213819000, 0, 0, 109488914, 996789437,
0, 0, 217361000, 0, 0, 109488914, 996789437,
0, 0, 220631000, 0, 0, 109488914, 996789437,
0, 0, 311606000, 0, 0, 109488914, 996789437,
0, 0, 300017000, 0, 0, 109488914, 996789437,
0, 0, 297075000, 0, 0, 109488914, 996789437,
0, 0, 392415000, 0, 0, 109488914, 996789437,
0, 0, 385389000, 0, 0, 109488914, 996789437,
0, 0, 389575000, 0, 0, 109488914, 996789437,
0, 0, 546392000, 0, 0, 109488914, 996789437,
0, 0, 529598000, 0, 0, 109488914, 996789437,
0, 0, 522422000, 0, 0, 109488914, 996789437,
0, 0, 813810000, 0, 0, 109488914, 996789437,
0, 0, 830108000, 0, 0, 109488914, 996789437,
0, 0, 817988000, 0, 0, 109488914, 996789437,
0, 0, 1481570000, 0, 0, 109488914, 996789437,
0, 0, 1454400000, 0, 0, 109488914, 996789437,
0, 0, 1453540000, 0, 0, 109488914, 996789437,
0, 0, 2852150000, 0, 0, 109488914, 996789437,
0, 0, 2869730000, 0, 0, 109488914, 996789437,
0, 0, 2885290000, 0, 0, 109488914, 996789437,
Description: Results from the BQRRP speed comparison benchmark, recording the time it takes to perform BQRRP and alternative QR and QRCP factorizations.
File format: 7 columns, containing time for each algorithm: BQRRP+CholQR, BQRRP+QRF, HQRRP, HQRRP+QRF, HQRRP+CholQR, QRF, QP3;               rows correspond to BQRRP runs with block sizes varying in powers of 2, with numruns repititions of each block size
Num OMP threads:8
Input type:2
Input size:32000 by 32000
Additional parameters: BQRRP block sizes: 5, 10, 25, 50, 125, 250, 500, 1000, 2000, 4000, 8000, num runs per size 3 BQRRP d factor: 1.000000
0, 0, 472645000, 0, 0, 54824343, 534140320,
0, 0, 469560000, 0, 0, 54824343, 534140320,
0, 0, 467921000, 0, 0, 54824343, 534140320,
0, 0, 270491000, 0, 0, 54824343, 534140320,
0, 0, 270618000, 0, 0, 54824343, 534140320,
0, 0, 271181000, 0, 0, 54824343, 534140320,
0, 0, 155721000, 0, 0, 54824343, 534140320,
0, 0, 155380000, 0, 0, 54824343, 534140320,
0, 0, 156373000, 0, 0, 54824343, 534140320,
0, 0, 144073000, 0, 0, 54824343, 534140320,
0, 0, 143442000, 0, 0, 54824343, 534140320,
0, 0, 144581000, 0, 0, 54824343, 534140320,
0, 0, 135630000, 0, 0, 54824343, 534140320,
0, 0, 136794000, 0, 0, 54824343, 534140320,
0, 0, 138439000, 0, 0, 54824343, 534140320,
0, 0, 198816000, 0, 0, 54824343, 534140320,
0, 0, 200056000, 0, 0, 54824343, 534140320,
0, 0, 198830000, 0, 0, 54824343, 534140320,
0, 0, 287065000, 0, 0, 54824343, 534140320,
0, 0, 290039000, 0, 0, 54824343, 534140320,
0, 0, 276391000, 0, 0, 54824343, 534140320,
0, 0, 404437000, 0, 0, 54824343, 534140320,
0, 0, 404303000, 0, 0, 54824343, 534140320,
0, 0, 401523000, 0, 0, 54824343, 534140320,
0, 0, 661515000, 0, 0, 54824343, 534140320,
0, 0, 659883000, 0, 0, 54824343, 534140320,
0, 0, 660328000, 0, 0, 54824343, 534140320,
0, 0, 1226720000, 0, 0, 54824343, 534140320,
0, 0, 1236690000, 0, 0, 54824343, 534140320,
0, 0, 1243640000, 0, 0, 54824343, 534140320,
0, 0, 2484670000, 0, 0, 54824343, 534140320,
0, 0, 2497260000, 0, 0, 54824343, 534140320,
0, 0, 2479480000, 0, 0, 54824343, 534140320,
Description: Results from the BQRRP speed comparison benchmark, recording the time it takes to perform BQRRP and alternative QR and QRCP factorizations.
File format: 7 columns, containing time for each algorithm: BQRRP+CholQR, BQRRP+QRF, HQRRP, HQRRP+QRF, HQRRP+CholQR, QRF, QP3;               rows correspond to BQRRP runs with block sizes varying in powers of 2, with numruns repititions of each block size
Num OMP threads:16
Input type:2
Input size:32000 by 32000
Additional parameters: BQRRP block sizes: 5, 10, 25, 50, 125, 250, 500, 1000, 2000, 4000, 8000, num runs per size 3 BQRRP d factor: 1.000000
0, 0, 310124000, 0, 0, 28554831, 401975511,
0, 0, 306083000, 0, 0, 28554831, 401975511,
0, 0, 305634000, 0, 0, 28554831, 401975511,
0, 0, 187744000, 0, 0, 28554831, 401975511,
0, 0, 188124000, 0, 0, 28554831, 401975511,
0, 0, 187998000, 0, 0, 28554831, 401975511,
0, 0, 122980000, 0, 0, 28554831, 401975511,
0, 0, 122152000, 0, 0, 28554831, 401975511,
0, 0, 121797000, 0, 0, 28554831, 401975511,
0, 0, 111908000, 0, 0, 28554831, 401975511,
0, 0, 111986000, 0, 0, 28554831, 401975511,
0, 0, 111604000, 0, 0, 28554831, 401975511,
0, 0, 116616000, 0, 0, 28554831, 401975511,
0, 0, 116022000, 0, 0, 28554831, 401975511,
0, 0, 117015000, 0, 0, 28554831, 401975511,
0, 0, 172457000, 0, 0, 28554831, 401975511,
0, 0, 172341000, 0, 0, 28554831, 401975511,
0, 0, 172644000, 0, 0, 28554831, 401975511,
0, 0, 247968000, 0, 0, 28554831, 401975511,
0, 0, 245525000, 0, 0, 28554831, 401975511,
0, 0, 247569000, 0, 0, 28554831, 401975511,
0, 0, 373385000, 0, 0, 28554831, 401975511,
0, 0, 364779000, 0, 0, 28554831, 401975511,
0, 0, 372720000, 0, 0, 28554831, 401975511,
0, 0, 631285000, 0, 0, 28554831, 401975511,
0, 0, 628057000, 0, 0, 28554831, 401975511,
0, 0, 635941000, 0, 0, 28554831, 401975511,
0, 0, 1194470000, 0, 0, 28554831, 401975511,
0, 0, 1202280000, 0, 0, 28554831, 401975511,
0, 0, 1195570000, 0, 0, 28554831, 401975511,
0, 0, 2412350000, 0, 0, 28554831, 401975511,
0, 0, 2400750000, 0, 0, 28554831, 401975511,
0, 0, 2382570000, 0, 0, 28554831, 401975511,
Description: Results from the BQRRP speed comparison benchmark, recording the time it takes to perform BQRRP and alternative QR and QRCP factorizations.
File format: 7 columns, containing time for each algorithm: BQRRP+CholQR, BQRRP+QRF, HQRRP, HQRRP+QRF, HQRRP+CholQR, QRF, QP3;               rows correspond to BQRRP runs with block sizes varying in powers of 2, with numruns repititions of each block size
Num OMP threads:32
Input type:2
Input size:32000 by 32000
Additional parameters: BQRRP block sizes: 5, 10, 25, 50, 125, 250, 500, 1000, 2000, 4000, 8000, num runs per size 3 BQRRP d factor: 1.000000
0, 0, 302881000, 0, 0, 16090369, 573341973,
0, 0, 302977000, 0, 0, 16090369, 573341973,
0, 0, 301503000, 0, 0, 16090369, 573341973,
0, 0, 201413000, 0, 0, 16090369, 573341973,
0, 0, 201418000, 0, 0, 16090369, 573341973,
0, 0, 201416000, 0, 0, 16090369, 573341973,
0, 0, 149701000, 0, 0, 16090369, 573341973,
0, 0, 148381000, 0, 0, 16090369, 573341973,
0, 0, 148816000, 0, 0, 16090369, 573341973,
0, 0, 139930000, 0, 0, 16090369, 573341973,
0, 0, 139344000, 0, 0, 16090369, 573341973,
0, 0, 139816000, 0, 0, 16090369, 573341973,
0, 0, 151942000, 0, 0, 16090369, 573341973,
0, 0, 152023000, 0, 0, 16090369, 573341973,
0, 0, 151891000, 0, 0, 16090369, 573341973,
0, 0, 198024000, 0, 0, 16090369, 573341973,
0, 0, 198859000, 0, 0, 16090369, 573341973,
0, 0, 200036000, 0, 0, 16090369, 573341973,
0, 0, 280117000, 0, 0, 16090369, 573341973,
0, 0, 279041000, 0, 0, 16090369, 573341973,
0, 0, 284690000, 0, 0, 16090369, 573341973,
0, 0, 418929000, 0, 0, 16090369, 573341973,
0, 0, 414987000, 0, 0, 16090369, 573341973,
0, 0, 416678000, 0, 0, 16090369, 573341973,
0, 0, 688777000, 0, 0, 16090369, 573341973,
0, 0, 693029000, 0, 0, 16090369, 573341973,
0, 0, 690350000, 0, 0, 16090369, 573341973,
0, 0, 1245890000, 0, 0, 16090369, 573341973,
0, 0, 1243380000, 0, 0, 16090369, 573341973,
0, 0, 1241270000, 0, 0, 16090369, 573341973,
0, 0, 2436330000, 0, 0, 16090369, 573341973,
0, 0, 2451210000, 0, 0, 16090369, 573341973,
0, 0, 2434060000, 0, 0, 16090369, 573341973,
Description: Results from the BQRRP speed comparison benchmark, recording the time it takes to perform BQRRP and alternative QR and QRCP factorizations.
File format: 7 columns, containing time for each algorithm: BQRRP+CholQR, BQRRP+QRF, HQRRP, HQRRP+QRF, HQRRP+CholQR, QRF, QP3;               rows correspond to BQRRP runs with block sizes varying in powers of 2, with numruns repititions of each block size
Num OMP threads:64
Input type:2
Input size:32000 by 32000
Additional parameters: BQRRP block sizes: 5, 10, 25, 50, 125, 250, 500, 1000, 2000, 4000, 8000, num runs per size 3 BQRRP d factor: 1.000000
0, 0, 686446000, 0, 0, 11575060, 675547257,
0, 0, 685502000, 0, 0, 11575060, 675547257,
0, 0, 684705000, 0, 0, 11575060, 675547257,
0, 0, 507795000, 0, 0, 11575060, 675547257,
0, 0, 509609000, 0, 0, 11575060, 675547257,
0, 0, 507909000, 0, 0, 11575060, 675547257,
0, 0, 436097000, 0, 0, 11575060, 675547257,
0, 0, 444902000, 0, 0, 11575060, 675547257,
0, 0, 453370000, 0, 0, 11575060, 675547257,
0, 0, 438562000, 0, 0, 11575060, 675547257,
0, 0, 418256000, 0, 0, 11575060, 675547257,
0, 0, 419800000, 0, 0, 11575060, 675547257,
0, 0, 432523000, 0, 0, 11575060, 675547257,
0, 0, 433542000, 0, 0, 11575060, 675547257,
0, 0, 433335000, 0, 0, 11575060, 675547257,
0, 0, 495187000, 0, 0, 11575060, 675547257,
0, 0, 498573000, 0, 0, 11575060, 675547257,
0, 0, 493550000, 0, 0, 11575060, 675547257,
0, 0, 567350000, 0, 0, 11575060, 675547257,
0, 0, 567471000, 0, 0, 11575060, 675547257,
0, 0, 567855000, 0, 0, 11575060, 675547257,
0, 0, 708998000, 0, 0, 11575060, 675547257,
0, 0, 709682000, 0, 0, 11575060, 675547257,
0, 0, 708459000, 0, 0, 11575060, 675547257,
0, 0, 988817000, 0, 0, 11575060, 675547257,
0, 0, 991362000, 0, 0, 11575060, 675547257,
0, 0, 992033000, 0, 0, 11575060, 675547257,
0, 0, 1591780000, 0, 0, 11575060, 675547257,
0, 0, 1591650000, 0, 0, 11575060, 675547257,
0, 0, 1593100000, 0, 0, 11575060, 675547257,
0, 0, 2760610000, 0, 0, 11575060, 675547257,
0, 0, 2762460000, 0, 0, 11575060, 675547257,
0, 0, 2761950000, 0, 0, 11575060, 675547257,
Description: Results from the BQRRP speed comparison benchmark, recording the time it takes to perform BQRRP and alternative QR and QRCP factorizations.
File format: 7 columns, containing time for each algorithm: BQRRP+CholQR, BQRRP+QRF, HQRRP, HQRRP+QRF, HQRRP+CholQR, QRF, QP3;               rows correspond to BQRRP runs with block sizes varying in powers of 2, with numruns repititions of each block size
Num OMP threads:128
Input type:2
Input size:32000 by 32000
Additional parameters: BQRRP block sizes: 5, 10, 25, 50, 125, 250, 500, 1000, 2000, 4000, 8000, num runs per size 3 BQRRP d factor: 1.000000
0, 0, 686259000, 0, 0, 11509666, 695753565,
0, 0, 685255000, 0, 0, 11509666, 695753565,
0, 0, 683897000, 0, 0, 11509666, 695753565,
0, 0, 504616000, 0, 0, 11509666, 695753565,
0, 0, 504940000, 0, 0, 11509666, 695753565,
0, 0, 504710000, 0, 0, 11509666, 695753565,
0, 0, 434199000, 0, 0, 11509666, 695753565,
0, 0, 433133000, 0, 0, 11509666, 695753565,
0, 0, 436020000, 0, 0, 11509666, 695753565,
0, 0, 440039000, 0, 0, 11509666, 695753565,
0, 0, 437239000, 0, 0, 11509666, 695753565,
0, 0, 434664000, 0, 0, 11509666, 695753565,
0, 0, 442599000, 0, 0, 11509666, 695753565,
0, 0, 437322000, 0, 0, 11509666, 695753565,
0, 0, 437018000, 0, 0, 11509666, 695753565,
0, 0, 491077000, 0, 0, 11509666, 695753565,
0, 0, 494529000, 0, 0, 11509666, 695753565,
0, 0, 494008000, 0, 0, 11509666, 695753565,
0, 0, 567016000, 0, 0, 11509666, 695753565,
0, 0, 569643000, 0, 0, 11509666, 695753565,
0, 0, 567687000, 0, 0, 11509666, 695753565,
0, 0, 709536000, 0, 0, 11509666, 695753565,
0, 0, 706492000, 0, 0, 11509666, 695753565,
0, 0, 707735000, 0, 0, 11509666, 695753565,
0, 0, 986424000, 0, 0, 11509666, 695753565,
0, 0, 990143000, 0, 0, 11509666, 695753565,
0, 0, 988405000, 0, 0, 11509666, 695753565,
0, 0, 1590200000, 0, 0, 11509666, 695753565,
0, 0, 1589520000, 0, 0, 11509666, 695753565,
0, 0, 1590940000, 0, 0, 11509666, 695753565,
0, 0, 2759520000, 0, 0, 11509666, 695753565,
0, 0, 2757640000, 0, 0, 11509666, 695753565,
0, 0, 2756810000, 0, 0, 11509666, 695753565,