Description: Results from the BQRRP speed comparison benchmark, recording the time it takes to perform BQRRP and alternative QR and QRCP factorizations.
File format: 7 columns, containing time for each algorithm: BQRRP+CholQR, BQRRP+QRF, HQRRP, HQRRP+QRF, HQRRP+CholQR, QRF, QP3;               rows correspond to BQRRP runs with mat sizes varying with powers of 2, with numruns repititions of each mat size.
Num OMP threads:1
Input type:2
Input size: dim start: 1000 dim stop: 10000
Additional parameters: BQRRP block size: 128 num runs per size 20 BQRRP d factor: 1.000000
0,  0,  61268,  0,  0,  118267,  86361,
0,  0,  44919,  0,  0,  17873,  86374,
0,  0,  44929,  0,  0,  18033,  86270,
0,  0,  44803,  0,  0,  18050,  86270,
0,  0,  44950,  0,  0,  18116,  86270,
0,  0,  44813,  0,  0,  18023,  86270,
0,  0,  44676,  0,  0,  17922,  86270,
0,  0,  44802,  0,  0,  18076,  86270,
0,  0,  44736,  0,  0,  18103,  86270,
0,  0,  44754,  0,  0,  18249,  86270,
0,  0,  44682,  0,  0,  18125,  86270,
0,  0,  44795,  0,  0,  18119,  86270,
0,  0,  44903,  0,  0,  18122,  86270,
0,  0,  45982,  0,  0,  17923,  86270,
0,  0,  44808,  0,  0,  18085,  86270,
0,  0,  44863,  0,  0,  17941,  86270,
0,  0,  44658,  0,  0,  18159,  86270,
0,  0,  44730,  0,  0,  18070,  86270,
0,  0,  44809,  0,  0,  17985,  86270,
0,  0,  44883,  0,  0,  18218,  86270,
0,  0,  224382,  0,  0,  124940,  673325,
0,  0,  221982,  0,  0,  123208,  673614,
0,  0,  222458,  0,  0,  123015,  675804,
0,  0,  221798,  0,  0,  123005,  675804,
0,  0,  222716,  0,  0,  123427,  675804,
0,  0,  221946,  0,  0,  124111,  675804,
0,  0,  222824,  0,  0,  123396,  675804,
0,  0,  221296,  0,  0,  123285,  675804,
0,  0,  222277,  0,  0,  123589,  675804,
0,  0,  222081,  0,  0,  123788,  675804,
0,  0,  222315,  0,  0,  123630,  675804,
0,  0,  221928,  0,  0,  123185,  675804,
0,  0,  221954,  0,  0,  123343,  675804,
0,  0,  222061,  0,  0,  123709,  675804,
0,  0,  222644,  0,  0,  123584,  675804,
0,  0,  220816,  0,  0,  123920,  675804,
0,  0,  221574,  0,  0,  123284,  675804,
0,  0,  222181,  0,  0,  123946,  675804,
0,  0,  223749,  0,  0,  123957,  675804,
0,  0,  222006,  0,  0,  123403,  675804,
0,  0,  641804,  0,  0,  408325,  2293099,
0,  0,  638134,  0,  0,  404385,  2300585,
0,  0,  638600,  0,  0,  404240,  2293172,
0,  0,  637674,  0,  0,  404387,  2293172,
0,  0,  648458,  0,  0,  404692,  2293172,
0,  0,  638266,  0,  0,  404367,  2293172,
0,  0,  638028,  0,  0,  404147,  2293172,
0,  0,  638131,  0,  0,  405293,  2293172,
0,  0,  637863,  0,  0,  404139,  2293172,
0,  0,  638390,  0,  0,  405014,  2293172,
0,  0,  637928,  0,  0,  404873,  2293172,
0,  0,  639778,  0,  0,  405233,  2293172,
0,  0,  639529,  0,  0,  404205,  2293172,
0,  0,  638044,  0,  0,  404551,  2293172,
0,  0,  641259,  0,  0,  409766,  2293172,
0,  0,  640360,  0,  0,  408780,  2293172,
0,  0,  640414,  0,  0,  408280,  2293172,
0,  0,  640581,  0,  0,  408602,  2293172,
0,  0,  640353,  0,  0,  409557,  2293172,
0,  0,  640149,  0,  0,  408692,  2293172,
0,  0,  1449143,  0,  0,  973029,  6284004,
0,  0,  1449771,  0,  0,  970308,  6293465,
0,  0,  1448140,  0,  0,  969731,  6283247,
0,  0,  1447043,  0,  0,  969433,  6283247,
0,  0,  1447350,  0,  0,  970085,  6283247,
0,  0,  1447077,  0,  0,  970075,  6283247,
0,  0,  1446539,  0,  0,  970072,  6283247,
0,  0,  1449085,  0,  0,  970780,  6283247,
0,  0,  1447721,  0,  0,  969928,  6283247,
0,  0,  1449701,  0,  0,  973209,  6283247,
0,  0,  1447873,  0,  0,  977824,  6283247,
0,  0,  1446930,  0,  0,  970200,  6283247,
0,  0,  1448704,  0,  0,  970646,  6283247,
0,  0,  1447846,  0,  0,  970368,  6283247,
0,  0,  1448828,  0,  0,  971383,  6283247,
0,  0,  1452667,  0,  0,  972647,  6283247,
0,  0,  1451062,  0,  0,  971374,  6283247,
0,  0,  1448397,  0,  0,  969517,  6283247,
0,  0,  1447343,  0,  0,  971120,  6283247,
0,  0,  1447843,  0,  0,  973123,  6283247,
0,  0,  2630616,  0,  0,  1778929,  12975426,
0,  0,  2628242,  0,  0,  1777246,  12979643,
0,  0,  2632416,  0,  0,  1777087,  12977062,
0,  0,  2628190,  0,  0,  1780899,  12977062,
0,  0,  2627987,  0,  0,  1782322,  12977062,
0,  0,  2632053,  0,  0,  1775889,  12977062,
0,  0,  2636922,  0,  0,  1778439,  12977062,
0,  0,  2628946,  0,  0,  1782047,  12977062,
0,  0,  2633546,  0,  0,  1777305,  12977062,
0,  0,  2629873,  0,  0,  1776961,  12977062,
0,  0,  2628098,  0,  0,  1776575,  12977062,
0,  0,  2631923,  0,  0,  1776252,  12977062,
0,  0,  2630644,  0,  0,  1776416,  12977062,
0,  0,  2638454,  0,  0,  1776169,  12977062,
0,  0,  2628474,  0,  0,  1780134,  12977062,
0,  0,  2631633,  0,  0,  1777795,  12977062,
0,  0,  2630951,  0,  0,  1776091,  12977062,
0,  0,  2630722,  0,  0,  1776870,  12977062,
0,  0,  2628411,  0,  0,  1778597,  12977062,
0,  0,  2702015,  0,  0,  1776504,  12977062,
0,  0,  4495089,  0,  0,  3166744,  23394774,
0,  0,  4486849,  0,  0,  3165928,  23393843,
0,  0,  4485435,  0,  0,  3165378,  23385530,
0,  0,  4488825,  0,  0,  3168398,  23385530,
0,  0,  4487849,  0,  0,  3168131,  23385530,
0,  0,  4482952,  0,  0,  3177526,  23385530,
0,  0,  4479885,  0,  0,  3166388,  23385530,
0,  0,  4484556,  0,  0,  3176528,  23385530,
0,  0,  4484266,  0,  0,  3165402,  23385530,
0,  0,  4482482,  0,  0,  3166114,  23385530,
0,  0,  4480485,  0,  0,  3168603,  23385530,
0,  0,  4481746,  0,  0,  3167713,  23385530,
0,  0,  4489940,  0,  0,  3168290,  23385530,
0,  0,  4480546,  0,  0,  3167362,  23385530,
0,  0,  4489965,  0,  0,  3167172,  23385530,
0,  0,  4480006,  0,  0,  3171728,  23385530,
0,  0,  4477310,  0,  0,  3169371,  23385530,
0,  0,  4481194,  0,  0,  3177295,  23385530,
0,  0,  4478190,  0,  0,  3167532,  23385530,
0,  0,  4479432,  0,  0,  3166268,  23385530,
0,  0,  6657031,  0,  0,  4867480,  37762389,
0,  0,  6654756,  0,  0,  4793885,  37768156,
0,  0,  6656375,  0,  0,  4784183,  37765621,
0,  0,  6650107,  0,  0,  4781553,  37765621,
0,  0,  6657522,  0,  0,  4781124,  37765621,
0,  0,  6650145,  0,  0,  4781529,  37765621,
0,  0,  6651021,  0,  0,  4780840,  37765621,
0,  0,  6650067,  0,  0,  4782254,  37765621,
0,  0,  6651721,  0,  0,  4779993,  37765621,
0,  0,  6653336,  0,  0,  4781826,  37765621,
0,  0,  6655946,  0,  0,  4780409,  37765621,
0,  0,  6656944,  0,  0,  4782383,  37765621,
0,  0,  6655558,  0,  0,  4781514,  37765621,
0,  0,  6654223,  0,  0,  4784038,  37765621,
0,  0,  6655670,  0,  0,  4800203,  37765621,
0,  0,  6656309,  0,  0,  4786967,  37765621,
0,  0,  6664299,  0,  0,  4784257,  37765621,
0,  0,  6655923,  0,  0,  4784184,  37765621,
0,  0,  6664163,  0,  0,  4784447,  37765621,
0,  0,  6743356,  0,  0,  4787885,  37765621,
0,  0,  10114009,  0,  0,  7620402,  57673079,
0,  0,  10125888,  0,  0,  7629331,  57674847,
0,  0,  10134001,  0,  0,  7625812,  57677784,
0,  0,  10133947,  0,  0,  7617369,  57677784,
0,  0,  10212277,  0,  0,  7621919,  57677784,
0,  0,  10135096,  0,  0,  7619997,  57677784,
0,  0,  10124644,  0,  0,  7628206,  57677784,
0,  0,  10125240,  0,  0,  7619275,  57677784,
0,  0,  10117795,  0,  0,  7629157,  57677784,
0,  0,  10120420,  0,  0,  7632702,  57677784,
0,  0,  10122140,  0,  0,  7622251,  57677784,
0,  0,  10146226,  0,  0,  7618462,  57677784,
0,  0,  10144578,  0,  0,  7624656,  57677784,
0,  0,  10143591,  0,  0,  7625039,  57677784,
0,  0,  10139656,  0,  0,  7627769,  57677784,
0,  0,  10140636,  0,  0,  7635696,  57677784,
0,  0,  10141706,  0,  0,  7638260,  57677784,
0,  0,  10141438,  0,  0,  7627159,  57677784,
0,  0,  10145154,  0,  0,  7626253,  57677784,
0,  0,  10153895,  0,  0,  7621329,  57677784,
0,  0,  13306331,  0,  0,  10042166,  80988215,
0,  0,  13305858,  0,  0,  10047263,  81008975,
0,  0,  13293755,  0,  0,  10056488,  81009683,
0,  0,  13292521,  0,  0,  10054004,  81009683,
0,  0,  13297630,  0,  0,  10052311,  81009683,
0,  0,  13296340,  0,  0,  10052507,  81009683,
0,  0,  13294433,  0,  0,  10060010,  81009683,
0,  0,  13297939,  0,  0,  10053978,  81009683,
0,  0,  13298028,  0,  0,  10047253,  81009683,
0,  0,  13308874,  0,  0,  10044475,  81009683,
0,  0,  13306703,  0,  0,  10051264,  81009683,
0,  0,  13314256,  0,  0,  10044343,  81009683,
0,  0,  13314002,  0,  0,  10049733,  81009683,
0,  0,  13311907,  0,  0,  10045410,  81009683,
0,  0,  13305479,  0,  0,  10048850,  81009683,
0,  0,  13309472,  0,  0,  10047194,  81009683,
0,  0,  13307757,  0,  0,  10047981,  81009683,
0,  0,  13300024,  0,  0,  10049542,  81009683,
0,  0,  13300251,  0,  0,  10052064,  81009683,
0,  0,  13299088,  0,  0,  10060359,  81009683,
0,  0,  18657873,  0,  0,  14590610,  111401388,
0,  0,  18671808,  0,  0,  14592666,  111407257,
0,  0,  21780149,  0,  0,  14589289,  111482635,
0,  0,  18663604,  0,  0,  14834137,  111482635,
0,  0,  18656025,  0,  0,  14586868,  111482635,
0,  0,  18662312,  0,  0,  14585682,  111482635,
0,  0,  18658805,  0,  0,  14580811,  111482635,
0,  0,  18668307,  0,  0,  14590999,  111482635,
0,  0,  18675585,  0,  0,  14581478,  111482635,
0,  0,  18656782,  0,  0,  14618122,  111482635,
0,  0,  18673336,  0,  0,  14584489,  111482635,
0,  0,  18662366,  0,  0,  14589533,  111482635,
0,  0,  18669515,  0,  0,  14585202,  111482635,
0,  0,  18670515,  0,  0,  14581380,  111482635,
0,  0,  18660258,  0,  0,  14589718,  111482635,
0,  0,  18668734,  0,  0,  14592892,  111482635,
0,  0,  18665580,  0,  0,  14581291,  111482635,
0,  0,  18655983,  0,  0,  14591795,  111482635,
0,  0,  18716311,  0,  0,  14583051,  111482635,
0,  0,  18591179,  0,  0,  14554071,  111482635,
Description: Results from the BQRRP speed comparison benchmark, recording the time it takes to perform BQRRP and alternative QR and QRCP factorizations.
File format: 7 columns, containing time for each algorithm: BQRRP+CholQR, BQRRP+QRF, HQRRP, HQRRP+QRF, HQRRP+CholQR, QRF, QP3;               rows correspond to BQRRP runs with mat sizes varying with powers of 2, with numruns repititions of each mat size.
Num OMP threads:4
Input type:2
Input size: dim start: 1000 dim stop: 10000
Additional parameters: BQRRP block size: 128 num runs per size 20 BQRRP d factor: 1.000000
0,  0,  121165,  0,  0,  31326,  38689,
0,  0,  115978,  0,  0,  6552,  38751,
0,  0,  115662,  0,  0,  6585,  38432,
0,  0,  115450,  0,  0,  6489,  38432,
0,  0,  117912,  0,  0,  6616,  38432,
0,  0,  117454,  0,  0,  6410,  38432,
0,  0,  117219,  0,  0,  6442,  38432,
0,  0,  117563,  0,  0,  6422,  38432,
0,  0,  117290,  0,  0,  6496,  38432,
0,  0,  117307,  0,  0,  6437,  38432,
0,  0,  117021,  0,  0,  6447,  38432,
0,  0,  117757,  0,  0,  6618,  38432,
0,  0,  117989,  0,  0,  6418,  38432,
0,  0,  117680,  0,  0,  6425,  38432,
0,  0,  117748,  0,  0,  6427,  38432,
0,  0,  117563,  0,  0,  6430,  38432,
0,  0,  117273,  0,  0,  6454,  38432,
0,  0,  118049,  0,  0,  6432,  38432,
0,  0,  117345,  0,  0,  6429,  38432,
0,  0,  118107,  0,  0,  6417,  38432,
0,  0,  409272,  0,  0,  59989,  271795,
0,  0,  420926,  0,  0,  59191,  271763,
0,  0,  417891,  0,  0,  58947,  277953,
0,  0,  417069,  0,  0,  59038,  277953,
0,  0,  417760,  0,  0,  59010,  277953,
0,  0,  418731,  0,  0,  58827,  277953,
0,  0,  417789,  0,  0,  59205,  277953,
0,  0,  417930,  0,  0,  59532,  277953,
0,  0,  418193,  0,  0,  58986,  277953,
0,  0,  417245,  0,  0,  59321,  277953,
0,  0,  417750,  0,  0,  59260,  277953,
0,  0,  418348,  0,  0,  59174,  277953,
0,  0,  418256,  0,  0,  59017,  277953,
0,  0,  417188,  0,  0,  59100,  277953,
0,  0,  418354,  0,  0,  59064,  277953,
0,  0,  417233,  0,  0,  58842,  277953,
0,  0,  417844,  0,  0,  59037,  277953,
0,  0,  418417,  0,  0,  59037,  277953,
0,  0,  417782,  0,  0,  58992,  277953,
0,  0,  417919,  0,  0,  58930,  277953,
0,  0,  936912,  0,  0,  162016,  722939,
0,  0,  933325,  0,  0,  162234,  723717,
0,  0,  932779,  0,  0,  162728,  723630,
0,  0,  932240,  0,  0,  162211,  723630,
0,  0,  932291,  0,  0,  162058,  723630,
0,  0,  932643,  0,  0,  162546,  723630,
0,  0,  932624,  0,  0,  161869,  723630,
0,  0,  932447,  0,  0,  162773,  723630,
0,  0,  933718,  0,  0,  163783,  723630,
0,  0,  933224,  0,  0,  162608,  723630,
0,  0,  933112,  0,  0,  161892,  723630,
0,  0,  933381,  0,  0,  162572,  723630,
0,  0,  931635,  0,  0,  162370,  723630,
0,  0,  933381,  0,  0,  162162,  723630,
0,  0,  931989,  0,  0,  162140,  723630,
0,  0,  931816,  0,  0,  162807,  723630,
0,  0,  933484,  0,  0,  162401,  723630,
0,  0,  932221,  0,  0,  162296,  723630,
0,  0,  932080,  0,  0,  162037,  723630,
0,  0,  932176,  0,  0,  162474,  723630,
0,  0,  1717890,  0,  0,  308688,  1888503,
0,  0,  1718320,  0,  0,  308533,  1888470,
0,  0,  1716041,  0,  0,  309308,  1887730,
0,  0,  1714590,  0,  0,  309009,  1887730,
0,  0,  1713945,  0,  0,  308808,  1887730,
0,  0,  1715974,  0,  0,  310486,  1887730,
0,  0,  1713113,  0,  0,  308983,  1887730,
0,  0,  1716050,  0,  0,  309484,  1887730,
0,  0,  1716287,  0,  0,  308856,  1887730,
0,  0,  1715887,  0,  0,  309382,  1887730,
0,  0,  1717218,  0,  0,  309083,  1887730,
0,  0,  1716027,  0,  0,  309180,  1887730,
0,  0,  1714916,  0,  0,  309094,  1887730,
0,  0,  1716184,  0,  0,  309150,  1887730,
0,  0,  1715728,  0,  0,  309314,  1887730,
0,  0,  1715167,  0,  0,  309312,  1887730,
0,  0,  1714697,  0,  0,  309162,  1887730,
0,  0,  1714499,  0,  0,  309119,  1887730,
0,  0,  1715023,  0,  0,  309014,  1887730,
0,  0,  1714481,  0,  0,  309268,  1887730,
0,  0,  3064626,  0,  0,  572136,  3270203,
0,  0,  3061492,  0,  0,  602593,  3291366,
0,  0,  3051518,  0,  0,  604810,  3458363,
0,  0,  3054899,  0,  0,  606476,  3458363,
0,  0,  3053746,  0,  0,  603373,  3458363,
0,  0,  3052492,  0,  0,  604249,  3458363,
0,  0,  3062227,  0,  0,  604368,  3458363,
0,  0,  3051700,  0,  0,  603157,  3458363,
0,  0,  3052443,  0,  0,  603569,  3458363,
0,  0,  3048763,  0,  0,  604837,  3458363,
0,  0,  3053870,  0,  0,  609885,  3458363,
0,  0,  3054787,  0,  0,  602811,  3458363,
0,  0,  3054503,  0,  0,  603716,  3458363,
0,  0,  3047390,  0,  0,  602008,  3458363,
0,  0,  3050082,  0,  0,  603759,  3458363,
0,  0,  3050162,  0,  0,  604784,  3458363,
0,  0,  3036283,  0,  0,  604671,  3458363,
0,  0,  3058247,  0,  0,  603172,  3458363,
0,  0,  3052767,  0,  0,  601213,  3458363,
0,  0,  3048096,  0,  0,  602696,  3458363,
0,  0,  4491489,  0,  0,  981776,  6047960,
0,  0,  4482997,  0,  0,  977642,  6049277,
0,  0,  4473339,  0,  0,  978102,  6244294,
0,  0,  4486341,  0,  0,  980284,  6244294,
0,  0,  4477246,  0,  0,  978939,  6244294,
0,  0,  4483137,  0,  0,  981263,  6244294,
0,  0,  4486934,  0,  0,  980113,  6244294,
0,  0,  4493107,  0,  0,  977711,  6244294,
0,  0,  4506033,  0,  0,  977824,  6244294,
0,  0,  4505019,  0,  0,  982206,  6244294,
0,  0,  4492211,  0,  0,  978261,  6244294,
0,  0,  4488734,  0,  0,  980718,  6244294,
0,  0,  4484622,  0,  0,  978327,  6244294,
0,  0,  4490085,  0,  0,  981547,  6244294,
0,  0,  4477788,  0,  0,  977470,  6244294,
0,  0,  4487350,  0,  0,  978763,  6244294,
0,  0,  4495801,  0,  0,  979533,  6244294,
0,  0,  4484275,  0,  0,  978375,  6244294,
0,  0,  4508647,  0,  0,  978903,  6244294,
0,  0,  4448558,  0,  0,  980491,  6244294,
0,  0,  5115688,  0,  0,  1479052,  10673541,
0,  0,  5112093,  0,  0,  1479350,  10664769,
0,  0,  5115295,  0,  0,  1479316,  10669184,
0,  0,  5112037,  0,  0,  1480554,  10669184,
0,  0,  5112182,  0,  0,  1481678,  10669184,
0,  0,  5113695,  0,  0,  1480048,  10669184,
0,  0,  5112048,  0,  0,  1479055,  10669184,
0,  0,  5110220,  0,  0,  1478492,  10669184,
0,  0,  5114050,  0,  0,  1480002,  10669184,
0,  0,  5108748,  0,  0,  1479071,  10669184,
0,  0,  5109055,  0,  0,  1480103,  10669184,
0,  0,  5112108,  0,  0,  1479055,  10669184,
0,  0,  5110567,  0,  0,  1482953,  10669184,
0,  0,  5109752,  0,  0,  1480703,  10669184,
0,  0,  5113107,  0,  0,  1479347,  10669184,
0,  0,  5110270,  0,  0,  1479884,  10669184,
0,  0,  5116458,  0,  0,  1480238,  10669184,
0,  0,  5111273,  0,  0,  1479652,  10669184,
0,  0,  5114549,  0,  0,  1479635,  10669184,
0,  0,  5108321,  0,  0,  1485056,  10669184,
0,  0,  7174230,  0,  0,  1944552,  16378193,
0,  0,  7171090,  0,  0,  1941977,  16377069,
0,  0,  7174096,  0,  0,  1942718,  16374799,
0,  0,  7169745,  0,  0,  1940945,  16374799,
0,  0,  7176754,  0,  0,  1942132,  16374799,
0,  0,  7169670,  0,  0,  1941204,  16374799,
0,  0,  7172732,  0,  0,  1940968,  16374799,
0,  0,  7180008,  0,  0,  1942242,  16374799,
0,  0,  7182591,  0,  0,  1939787,  16374799,
0,  0,  7173300,  0,  0,  1943135,  16374799,
0,  0,  7168537,  0,  0,  1942809,  16374799,
0,  0,  7168315,  0,  0,  1942595,  16374799,
0,  0,  7176628,  0,  0,  1942370,  16374799,
0,  0,  7172754,  0,  0,  1941754,  16374799,
0,  0,  7170686,  0,  0,  1942196,  16374799,
0,  0,  7178819,  0,  0,  1941868,  16374799,
0,  0,  7171816,  0,  0,  1940799,  16374799,
0,  0,  7162260,  0,  0,  1941162,  16374799,
0,  0,  7175832,  0,  0,  1944844,  16374799,
0,  0,  7168732,  0,  0,  1942579,  16374799,
0,  0,  9838042,  0,  0,  2667493,  22129660,
0,  0,  10180988,  0,  0,  2708728,  21980192,
0,  0,  10165056,  0,  0,  2704542,  22182827,
0,  0,  10201059,  0,  0,  2709373,  22182827,
0,  0,  10209127,  0,  0,  2761396,  22182827,
0,  0,  10171729,  0,  0,  2756315,  22182827,
0,  0,  10210673,  0,  0,  2740863,  22182827,
0,  0,  10200960,  0,  0,  2756290,  22182827,
0,  0,  10183233,  0,  0,  2760557,  22182827,
0,  0,  10174512,  0,  0,  2736852,  22182827,
0,  0,  10199928,  0,  0,  2742972,  22182827,
0,  0,  10207435,  0,  0,  2758979,  22182827,
0,  0,  10192026,  0,  0,  2759516,  22182827,
0,  0,  10164575,  0,  0,  2738574,  22182827,
0,  0,  10181719,  0,  0,  2737853,  22182827,
0,  0,  10172068,  0,  0,  2756830,  22182827,
0,  0,  10190129,  0,  0,  2744212,  22182827,
0,  0,  10202401,  0,  0,  2742112,  22182827,
0,  0,  10210401,  0,  0,  2755590,  22182827,
0,  0,  10202091,  0,  0,  2756675,  22182827,
0,  0,  12705646,  0,  0,  3694229,  30928238,
0,  0,  12711169,  0,  0,  3643367,  30964461,
0,  0,  12705215,  0,  0,  3657620,  30986678,
0,  0,  12703761,  0,  0,  3649867,  30986678,
0,  0,  12715563,  0,  0,  3684808,  30986678,
0,  0,  12694660,  0,  0,  3686397,  30986678,
0,  0,  12711475,  0,  0,  3680887,  30986678,
0,  0,  12691283,  0,  0,  3690362,  30986678,
0,  0,  12721812,  0,  0,  3684331,  30986678,
0,  0,  12707681,  0,  0,  3687315,  30986678,
0,  0,  12731557,  0,  0,  3679168,  30986678,
0,  0,  12695283,  0,  0,  3686442,  30986678,
0,  0,  12706640,  0,  0,  3674538,  30986678,
0,  0,  12732334,  0,  0,  3689734,  30986678,
0,  0,  12712444,  0,  0,  3689099,  30986678,
0,  0,  12700988,  0,  0,  3689629,  30986678,
0,  0,  12721058,  0,  0,  3688529,  30986678,
0,  0,  12707532,  0,  0,  3686006,  30986678,
0,  0,  12723287,  0,  0,  3688153,  30986678,
0,  0,  12707157,  0,  0,  3681003,  30986678,
Description: Results from the BQRRP speed comparison benchmark, recording the time it takes to perform BQRRP and alternative QR and QRCP factorizations.
File format: 7 columns, containing time for each algorithm: BQRRP+CholQR, BQRRP+QRF, HQRRP, HQRRP+QRF, HQRRP+CholQR, QRF, QP3;               rows correspond to BQRRP runs with mat sizes varying with powers of 2, with numruns repititions of each mat size.
Num OMP threads:16
Input type:2
Input size: dim start: 1000 dim stop: 10000
Additional parameters: BQRRP block size: 128 num runs per size 20 BQRRP d factor: 1.000000
0,  0,  83027,  0,  0,  31524,  33576,
0,  0,  77484,  0,  0,  3267,  31249,
0,  0,  73431,  0,  0,  3147,  31378,
0,  0,  75739,  0,  0,  3277,  31378,
0,  0,  77216,  0,  0,  3707,  31378,
0,  0,  75007,  0,  0,  3594,  31378,
0,  0,  74765,  0,  0,  3773,  31378,
0,  0,  74821,  0,  0,  3684,  31378,
0,  0,  75712,  0,  0,  3598,  31378,
0,  0,  74796,  0,  0,  3689,  31378,
0,  0,  74816,  0,  0,  3711,  31378,
0,  0,  74901,  0,  0,  3679,  31378,
0,  0,  74336,  0,  0,  3622,  31378,
0,  0,  74737,  0,  0,  3592,  31378,
0,  0,  75122,  0,  0,  3589,  31378,
0,  0,  74883,  0,  0,  3677,  31378,
0,  0,  74733,  0,  0,  3616,  31378,
0,  0,  74883,  0,  0,  3562,  31378,
0,  0,  82187,  0,  0,  3644,  31378,
0,  0,  75715,  0,  0,  3622,  31378,
0,  0,  272441,  0,  0,  26704,  134546,
0,  0,  266240,  0,  0,  25545,  134136,
0,  0,  263140,  0,  0,  25911,  134213,
0,  0,  262805,  0,  0,  25481,  134213,
0,  0,  262977,  0,  0,  24735,  134213,
0,  0,  261660,  0,  0,  24829,  134213,
0,  0,  260126,  0,  0,  24664,  134213,
0,  0,  261573,  0,  0,  24896,  134213,
0,  0,  260108,  0,  0,  24841,  134213,
0,  0,  260874,  0,  0,  24532,  134213,
0,  0,  259406,  0,  0,  24562,  134213,
0,  0,  261757,  0,  0,  25303,  134213,
0,  0,  261722,  0,  0,  25199,  134213,
0,  0,  261772,  0,  0,  24825,  134213,
0,  0,  261640,  0,  0,  24729,  134213,
0,  0,  262790,  0,  0,  24902,  134213,
0,  0,  269498,  0,  0,  24704,  134213,
0,  0,  262424,  0,  0,  25059,  134213,
0,  0,  263924,  0,  0,  21288,  134213,
0,  0,  267746,  0,  0,  25087,  134213,
0,  0,  564896,  0,  0,  56357,  375384,
0,  0,  565955,  0,  0,  57650,  381053,
0,  0,  567987,  0,  0,  56879,  319696,
0,  0,  567583,  0,  0,  57440,  319696,
0,  0,  566597,  0,  0,  57146,  319696,
0,  0,  568134,  0,  0,  57230,  319696,
0,  0,  562418,  0,  0,  55746,  319696,
0,  0,  567126,  0,  0,  58871,  319696,
0,  0,  565382,  0,  0,  56542,  319696,
0,  0,  570785,  0,  0,  57269,  319696,
0,  0,  567605,  0,  0,  57752,  319696,
0,  0,  566699,  0,  0,  57635,  319696,
0,  0,  567978,  0,  0,  57976,  319696,
0,  0,  566758,  0,  0,  56654,  319696,
0,  0,  569136,  0,  0,  56861,  319696,
0,  0,  567104,  0,  0,  57622,  319696,
0,  0,  566053,  0,  0,  57212,  319696,
0,  0,  569068,  0,  0,  57049,  319696,
0,  0,  567886,  0,  0,  57772,  319696,
0,  0,  566755,  0,  0,  57822,  319696,
0,  0,  1000738,  0,  0,  112208,  753622,
0,  0,  997731,  0,  0,  111285,  815301,
0,  0,  998099,  0,  0,  109282,  753146,
0,  0,  996485,  0,  0,  106627,  753146,
0,  0,  998824,  0,  0,  111730,  753146,
0,  0,  998228,  0,  0,  110102,  753146,
0,  0,  998841,  0,  0,  110770,  753146,
0,  0,  997651,  0,  0,  111789,  753146,
0,  0,  997697,  0,  0,  109360,  753146,
0,  0,  999379,  0,  0,  110416,  753146,
0,  0,  999785,  0,  0,  110728,  753146,
0,  0,  1000080,  0,  0,  108695,  753146,
0,  0,  998595,  0,  0,  111301,  753146,
0,  0,  1004953,  0,  0,  110452,  753146,
0,  0,  999180,  0,  0,  110647,  753146,
0,  0,  991337,  0,  0,  110242,  753146,
0,  0,  997771,  0,  0,  110047,  753146,
0,  0,  998412,  0,  0,  110340,  753146,
0,  0,  998821,  0,  0,  109655,  753146,
0,  0,  1000709,  0,  0,  109378,  753146,
0,  0,  7469605,  0,  0,  177831,  1276105,
0,  0,  7499659,  0,  0,  176598,  1260186,
0,  0,  7503131,  0,  0,  179916,  1289732,
0,  0,  7444750,  0,  0,  178971,  1289732,
0,  0,  7409925,  0,  0,  158824,  1289732,
0,  0,  7380891,  0,  0,  153803,  1289732,
0,  0,  7377956,  0,  0,  149650,  1289732,
0,  0,  7370321,  0,  0,  157912,  1289732,
0,  0,  7355553,  0,  0,  155776,  1289732,
0,  0,  7350008,  0,  0,  156625,  1289732,
0,  0,  7369540,  0,  0,  158586,  1289732,
0,  0,  7384729,  0,  0,  156128,  1289732,
0,  0,  7358492,  0,  0,  159927,  1289732,
0,  0,  7385691,  0,  0,  160548,  1289732,
0,  0,  7388041,  0,  0,  151639,  1289732,
0,  0,  7430069,  0,  0,  175630,  1289732,
0,  0,  7421716,  0,  0,  174824,  1289732,
0,  0,  7434462,  0,  0,  157082,  1289732,
0,  0,  7385056,  0,  0,  152466,  1289732,
0,  0,  7358719,  0,  0,  161240,  1289732,
0,  0,  9500844,  0,  0,  250029,  2395847,
0,  0,  9478256,  0,  0,  273223,  2479968,
0,  0,  9460423,  0,  0,  271427,  2666936,
0,  0,  9497589,  0,  0,  271816,  2666936,
0,  0,  9499181,  0,  0,  272501,  2666936,
0,  0,  9469220,  0,  0,  272502,  2666936,
0,  0,  9623811,  0,  0,  276794,  2666936,
0,  0,  9624116,  0,  0,  271690,  2666936,
0,  0,  9619192,  0,  0,  273662,  2666936,
0,  0,  9567148,  0,  0,  272973,  2666936,
0,  0,  9423250,  0,  0,  276751,  2666936,
0,  0,  9297986,  0,  0,  271829,  2666936,
0,  0,  9248329,  0,  0,  257851,  2666936,
0,  0,  9252589,  0,  0,  252595,  2666936,
0,  0,  9516006,  0,  0,  254593,  2666936,
0,  0,  9422391,  0,  0,  250291,  2666936,
0,  0,  9508165,  0,  0,  272374,  2666936,
0,  0,  9483662,  0,  0,  275499,  2666936,
0,  0,  9525623,  0,  0,  254836,  2666936,
0,  0,  9514503,  0,  0,  248280,  2666936,
0,  0,  10989254,  0,  0,  394604,  3592988,
0,  0,  11023932,  0,  0,  397469,  3670261,
0,  0,  10775671,  0,  0,  397273,  3563356,
0,  0,  10683284,  0,  0,  409640,  3563356,
0,  0,  10667815,  0,  0,  404082,  3563356,
0,  0,  10699986,  0,  0,  412103,  3563356,
0,  0,  10813030,  0,  0,  404287,  3563356,
0,  0,  10816996,  0,  0,  402502,  3563356,
0,  0,  10769141,  0,  0,  392290,  3563356,
0,  0,  10787009,  0,  0,  375204,  3563356,
0,  0,  10786314,  0,  0,  376286,  3563356,
0,  0,  10847874,  0,  0,  381408,  3563356,
0,  0,  10811536,  0,  0,  386887,  3563356,
0,  0,  10897861,  0,  0,  395088,  3563356,
0,  0,  10839025,  0,  0,  382071,  3563356,
0,  0,  10781262,  0,  0,  379266,  3563356,
0,  0,  10771750,  0,  0,  400587,  3563356,
0,  0,  10738846,  0,  0,  383916,  3563356,
0,  0,  10770513,  0,  0,  414510,  3563356,
0,  0,  10831616,  0,  0,  398045,  3563356,
0,  0,  12999263,  0,  0,  586402,  5740566,
0,  0,  13229806,  0,  0,  571995,  5805847,
0,  0,  13078079,  0,  0,  580366,  5676517,
0,  0,  13274510,  0,  0,  575685,  5676517,
0,  0,  13244972,  0,  0,  574682,  5676517,
0,  0,  13392488,  0,  0,  572087,  5676517,
0,  0,  13424210,  0,  0,  586677,  5676517,
0,  0,  13281659,  0,  0,  586741,  5676517,
0,  0,  13231381,  0,  0,  572670,  5676517,
0,  0,  13255546,  0,  0,  538654,  5676517,
0,  0,  13194732,  0,  0,  544434,  5676517,
0,  0,  13222570,  0,  0,  547447,  5676517,
0,  0,  13221631,  0,  0,  545255,  5676517,
0,  0,  13116314,  0,  0,  543765,  5676517,
0,  0,  13105930,  0,  0,  550002,  5676517,
0,  0,  13099693,  0,  0,  548998,  5676517,
0,  0,  13099108,  0,  0,  539510,  5676517,
0,  0,  13094159,  0,  0,  534946,  5676517,
0,  0,  13279074,  0,  0,  583975,  5676517,
0,  0,  13253427,  0,  0,  580799,  5676517,
0,  0,  14464546,  0,  0,  731028,  9710345,
0,  0,  14422752,  0,  0,  776228,  9650396,
0,  0,  14453057,  0,  0,  738866,  9511334,
0,  0,  15427545,  0,  0,  754426,  9511334,
0,  0,  15213704,  0,  0,  799317,  9511334,
0,  0,  15186243,  0,  0,  790178,  9511334,
0,  0,  15070719,  0,  0,  717975,  9511334,
0,  0,  14425026,  0,  0,  802071,  9511334,
0,  0,  14654517,  0,  0,  774343,  9511334,
0,  0,  14618603,  0,  0,  784861,  9511334,
0,  0,  14731020,  0,  0,  722930,  9511334,
0,  0,  14878879,  0,  0,  773477,  9511334,
0,  0,  14987129,  0,  0,  796873,  9511334,
0,  0,  15058534,  0,  0,  785994,  9511334,
0,  0,  15274884,  0,  0,  741022,  9511334,
0,  0,  15076736,  0,  0,  767529,  9511334,
0,  0,  15296725,  0,  0,  726239,  9511334,
0,  0,  15046801,  0,  0,  763750,  9511334,
0,  0,  15048351,  0,  0,  783999,  9511334,
0,  0,  15014092,  0,  0,  793488,  9511334,
0,  0,  18243316,  0,  0,  972249,  14958812,
0,  0,  18075426,  0,  0,  1035175,  14815635,
0,  0,  17871481,  0,  0,  1030214,  14990297,
0,  0,  17997661,  0,  0,  1043985,  14990297,
0,  0,  18038590,  0,  0,  983894,  14990297,
0,  0,  18357593,  0,  0,  1048927,  14990297,
0,  0,  18000600,  0,  0,  1041682,  14990297,
0,  0,  17877838,  0,  0,  986908,  14990297,
0,  0,  17775007,  0,  0,  1023833,  14990297,
0,  0,  17900201,  0,  0,  980906,  14990297,
0,  0,  17970282,  0,  0,  1052861,  14990297,
0,  0,  18098972,  0,  0,  1049771,  14990297,
0,  0,  17892891,  0,  0,  973340,  14990297,
0,  0,  17797040,  0,  0,  987146,  14990297,
0,  0,  17941169,  0,  0,  1050130,  14990297,
0,  0,  18115438,  0,  0,  1083842,  14990297,
0,  0,  18364217,  0,  0,  1072010,  14990297,
0,  0,  18200932,  0,  0,  1019416,  14990297,
0,  0,  17781505,  0,  0,  1026204,  14990297,
0,  0,  17889972,  0,  0,  1052790,  14990297,
Description: Results from the BQRRP speed comparison benchmark, recording the time it takes to perform BQRRP and alternative QR and QRCP factorizations.
File format: 7 columns, containing time for each algorithm: BQRRP+CholQR, BQRRP+QRF, HQRRP, HQRRP+QRF, HQRRP+CholQR, QRF, QP3;               rows correspond to BQRRP runs with mat sizes varying with powers of 2, with numruns repititions of each mat size.
Num OMP threads:64
Input type:2
Input size: dim start: 1000 dim stop: 10000
Additional parameters: BQRRP block size: 128 num runs per size 20 BQRRP d factor: 1.000000
0,  0,  648513,  0,  0,  1948756,  217982,
0,  0,  529325,  0,  0,  4815,  193488,
0,  0,  490681,  0,  0,  7399,  196529,
0,  0,  503967,  0,  0,  6259,  196529,
0,  0,  539284,  0,  0,  4577,  196529,
0,  0,  552841,  0,  0,  7155,  196529,
0,  0,  503085,  0,  0,  6486,  196529,
0,  0,  511664,  0,  0,  4121,  196529,
0,  0,  667410,  0,  0,  4228,  196529,
0,  0,  488706,  0,  0,  7536,  196529,
0,  0,  491105,  0,  0,  7523,  196529,
0,  0,  666372,  0,  0,  6577,  196529,
0,  0,  506588,  0,  0,  6382,  196529,
0,  0,  523327,  0,  0,  4903,  196529,
0,  0,  432089,  0,  0,  5413,  196529,
0,  0,  484225,  0,  0,  7432,  196529,
0,  0,  483569,  0,  0,  4369,  196529,
0,  0,  538158,  0,  0,  14784,  196529,
0,  0,  558071,  0,  0,  3985,  196529,
0,  0,  475054,  0,  0,  4862,  196529,
0,  0,  1094723,  0,  0,  29163,  319210,
0,  0,  1053898,  0,  0,  27349,  318938,
0,  0,  1167534,  0,  0,  30394,  320205,
0,  0,  1074821,  0,  0,  27422,  320205,
0,  0,  1075949,  0,  0,  23617,  320205,
0,  0,  1158732,  0,  0,  28585,  320205,
0,  0,  1075912,  0,  0,  27960,  320205,
0,  0,  1044761,  0,  0,  22088,  320205,
0,  0,  1100622,  0,  0,  28815,  320205,
0,  0,  1018415,  0,  0,  21237,  320205,
0,  0,  1004907,  0,  0,  25063,  320205,
0,  0,  1005628,  0,  0,  27527,  320205,
0,  0,  1128417,  0,  0,  29358,  320205,
0,  0,  1019715,  0,  0,  28643,  320205,
0,  0,  1050313,  0,  0,  27484,  320205,
0,  0,  997688,  0,  0,  26512,  320205,
0,  0,  1023248,  0,  0,  27596,  320205,
0,  0,  1039729,  0,  0,  26473,  320205,
0,  0,  1060277,  0,  0,  28654,  320205,
0,  0,  1065827,  0,  0,  23126,  320205,
0,  0,  1624723,  0,  0,  59074,  463685,
0,  0,  1716807,  0,  0,  60621,  438727,
0,  0,  1656328,  0,  0,  62686,  467992,
0,  0,  1725602,  0,  0,  59577,  467992,
0,  0,  1713449,  0,  0,  58586,  467992,
0,  0,  1667773,  0,  0,  61420,  467992,
0,  0,  1706564,  0,  0,  57650,  467992,
0,  0,  1696561,  0,  0,  59383,  467992,
0,  0,  1689587,  0,  0,  61933,  467992,
0,  0,  1661326,  0,  0,  62302,  467992,
0,  0,  1644490,  0,  0,  62230,  467992,
0,  0,  1687493,  0,  0,  64091,  467992,
0,  0,  1734800,  0,  0,  56646,  467992,
0,  0,  1649155,  0,  0,  62086,  467992,
0,  0,  1652339,  0,  0,  63817,  467992,
0,  0,  1763718,  0,  0,  61353,  467992,
0,  0,  1614045,  0,  0,  46287,  467992,
0,  0,  1628402,  0,  0,  60955,  467992,
0,  0,  1756994,  0,  0,  63537,  467992,
0,  0,  1608968,  0,  0,  61105,  467992,
0,  0,  2380406,  0,  0,  183614,  785660,
0,  0,  2396372,  0,  0,  205203,  760580,
0,  0,  2425410,  0,  0,  165387,  789585,
0,  0,  2337175,  0,  0,  254032,  789585,
0,  0,  2190863,  0,  0,  170367,  789585,
0,  0,  2347549,  0,  0,  166006,  789585,
0,  0,  2414664,  0,  0,  169636,  789585,
0,  0,  2287079,  0,  0,  171766,  789585,
0,  0,  2667434,  0,  0,  191279,  789585,
0,  0,  2332723,  0,  0,  156686,  789585,
0,  0,  2308118,  0,  0,  179737,  789585,
0,  0,  2411778,  0,  0,  255614,  789585,
0,  0,  2353191,  0,  0,  177071,  789585,
0,  0,  2383284,  0,  0,  154329,  789585,
0,  0,  2262938,  0,  0,  166241,  789585,
0,  0,  2652159,  0,  0,  135949,  789585,
0,  0,  2382414,  0,  0,  166019,  789585,
0,  0,  2352541,  0,  0,  174230,  789585,
0,  0,  2356906,  0,  0,  187357,  789585,
0,  0,  2374571,  0,  0,  235166,  789585,
0,  0,  71685358,  0,  0,  221373,  1082654,
0,  0,  71553738,  0,  0,  198753,  1102909,
0,  0,  72140594,  0,  0,  209853,  1092487,
0,  0,  71277987,  0,  0,  192007,  1092487,
0,  0,  71139538,  0,  0,  189397,  1092487,
0,  0,  72051838,  0,  0,  243168,  1092487,
0,  0,  70742659,  0,  0,  234635,  1092487,
0,  0,  71414617,  0,  0,  194053,  1092487,
0,  0,  71645098,  0,  0,  202605,  1092487,
0,  0,  71305255,  0,  0,  214007,  1092487,
0,  0,  71819135,  0,  0,  218506,  1092487,
0,  0,  71044230,  0,  0,  181453,  1092487,
0,  0,  71258183,  0,  0,  240272,  1092487,
0,  0,  71529098,  0,  0,  214472,  1092487,
0,  0,  70994616,  0,  0,  237733,  1092487,
0,  0,  71602410,  0,  0,  208276,  1092487,
0,  0,  71557868,  0,  0,  206875,  1092487,
0,  0,  71921849,  0,  0,  211525,  1092487,
0,  0,  71358189,  0,  0,  211118,  1092487,
0,  0,  70647104,  0,  0,  259404,  1092487,
0,  0,  91991464,  0,  0,  332050,  1992475,
0,  0,  92329347,  0,  0,  292224,  1960087,
0,  0,  92133553,  0,  0,  354043,  1956915,
0,  0,  92053016,  0,  0,  270919,  1956915,
0,  0,  92147097,  0,  0,  279888,  1956915,
0,  0,  92965287,  0,  0,  259035,  1956915,
0,  0,  91893604,  0,  0,  297222,  1956915,
0,  0,  92189194,  0,  0,  256144,  1956915,
0,  0,  92416582,  0,  0,  319808,  1956915,
0,  0,  92325701,  0,  0,  286077,  1956915,
0,  0,  92306339,  0,  0,  316704,  1956915,
0,  0,  91975892,  0,  0,  296839,  1956915,
0,  0,  91735459,  0,  0,  290066,  1956915,
0,  0,  92519800,  0,  0,  284921,  1956915,
0,  0,  92098764,  0,  0,  288743,  1956915,
0,  0,  92005250,  0,  0,  302938,  1956915,
0,  0,  91971764,  0,  0,  256609,  1956915,
0,  0,  91843694,  0,  0,  256402,  1956915,
0,  0,  92294201,  0,  0,  302229,  1956915,
0,  0,  92702706,  0,  0,  281489,  1956915,
0,  0,  110305318,  0,  0,  384340,  2845709,
0,  0,  110696986,  0,  0,  336766,  2779118,
0,  0,  109759840,  0,  0,  318063,  2822069,
0,  0,  109497909,  0,  0,  302890,  2822069,
0,  0,  114859412,  0,  0,  323069,  2822069,
0,  0,  110387171,  0,  0,  1715863,  2822069,
0,  0,  110840877,  0,  0,  294237,  2822069,
0,  0,  110152881,  0,  0,  363752,  2822069,
0,  0,  110544077,  0,  0,  354934,  2822069,
0,  0,  110499688,  0,  0,  343185,  2822069,
0,  0,  110436697,  0,  0,  333819,  2822069,
0,  0,  110223748,  0,  0,  361011,  2822069,
0,  0,  110499714,  0,  0,  345538,  2822069,
0,  0,  110291858,  0,  0,  300188,  2822069,
0,  0,  110285491,  0,  0,  315054,  2822069,
0,  0,  110244606,  0,  0,  328827,  2822069,
0,  0,  111243877,  0,  0,  335940,  2822069,
0,  0,  110205593,  0,  0,  348989,  2822069,
0,  0,  110292724,  0,  0,  325616,  2822069,
0,  0,  109985868,  0,  0,  438714,  2822069,
0,  0,  131773047,  0,  0,  2129270,  4774039,
0,  0,  131411469,  0,  0,  987591,  4762121,
0,  0,  133966143,  0,  0,  1044535,  4740497,
0,  0,  131539727,  0,  0,  1237807,  4740497,
0,  0,  130748991,  0,  0,  1008519,  4740497,
0,  0,  131687584,  0,  0,  995748,  4740497,
0,  0,  131073976,  0,  0,  1071243,  4740497,
0,  0,  130881667,  0,  0,  1216962,  4740497,
0,  0,  131768864,  0,  0,  1034519,  4740497,
0,  0,  130043662,  0,  0,  999914,  4740497,
0,  0,  131412590,  0,  0,  993688,  4740497,
0,  0,  130662445,  0,  0,  1020509,  4740497,
0,  0,  131477110,  0,  0,  987876,  4740497,
0,  0,  131255782,  0,  0,  975726,  4740497,
0,  0,  131826948,  0,  0,  1011468,  4740497,
0,  0,  134978460,  0,  0,  1078205,  4740497,
0,  0,  131011569,  0,  0,  2390303,  4740497,
0,  0,  132005577,  0,  0,  1046642,  4740497,
0,  0,  131269434,  0,  0,  1019208,  4740497,
0,  0,  131098521,  0,  0,  1097428,  4740497,
0,  0,  148226836,  0,  0,  1252095,  24067854,
0,  0,  146669748,  0,  0,  1167349,  24064125,
0,  0,  146916827,  0,  0,  1094694,  24327049,
0,  0,  147315129,  0,  0,  1125844,  24327049,
0,  0,  146329919,  0,  0,  1196541,  24327049,
0,  0,  146374796,  0,  0,  1254738,  24327049,
0,  0,  146510940,  0,  0,  1108338,  24327049,
0,  0,  146298254,  0,  0,  1197181,  24327049,
0,  0,  146666125,  0,  0,  1248566,  24327049,
0,  0,  146782522,  0,  0,  1272242,  24327049,
0,  0,  145877690,  0,  0,  1176625,  24327049,
0,  0,  146813169,  0,  0,  1202079,  24327049,
0,  0,  146798614,  0,  0,  1253931,  24327049,
0,  0,  146896588,  0,  0,  1068784,  24327049,
0,  0,  146991714,  0,  0,  1190305,  24327049,
0,  0,  146323886,  0,  0,  1097895,  24327049,
0,  0,  148298598,  0,  0,  1263725,  24327049,
0,  0,  146484987,  0,  0,  1193143,  24327049,
0,  0,  147145690,  0,  0,  1053125,  24327049,
0,  0,  149411790,  0,  0,  1254317,  24327049,
0,  0,  168896432,  0,  0,  1101248,  49738164,
0,  0,  178981830,  0,  0,  1697183,  49592586,
0,  0,  169088874,  0,  0,  2000804,  49020771,
0,  0,  173721802,  0,  0,  1086427,  49020771,
0,  0,  170224244,  0,  0,  1021992,  49020771,
0,  0,  169796183,  0,  0,  941420,  49020771,
0,  0,  168794011,  0,  0,  1075498,  49020771,
0,  0,  172087765,  0,  0,  1043896,  49020771,
0,  0,  169177236,  0,  0,  1020045,  49020771,
0,  0,  174026734,  0,  0,  960696,  49020771,
0,  0,  169504929,  0,  0,  1033303,  49020771,
0,  0,  169314861,  0,  0,  1102515,  49020771,
0,  0,  169902697,  0,  0,  1147106,  49020771,
0,  0,  169701173,  0,  0,  971067,  49020771,
0,  0,  169570326,  0,  0,  1033966,  49020771,
0,  0,  169320073,  0,  0,  937676,  49020771,
0,  0,  168556786,  0,  0,  1024302,  49020771,
0,  0,  169268064,  0,  0,  943026,  49020771,
0,  0,  168631657,  0,  0,  1044616,  49020771,
0,  0,  168912250,  0,  0,  966984,  49020771,
Description: Results from the BQRRP speed comparison benchmark, recording the time it takes to perform BQRRP and alternative QR and QRCP factorizations.
File format: 7 columns, containing time for each algorithm: BQRRP+CholQR, BQRRP+QRF, HQRRP, HQRRP+QRF, HQRRP+CholQR, QRF, QP3;               rows correspond to BQRRP runs with mat sizes varying with powers of 2, with numruns repititions of each mat size.
Num OMP threads:128
Input type:2
Input size: dim start: 1000 dim stop: 10000
Additional parameters: BQRRP block size: 128 num runs per size 20 BQRRP d factor: 1.000000
0,  0,  1105917,  0,  0,  2605860,  141542,
0,  0,  407142,  0,  0,  9781,  179876,
0,  0,  374288,  0,  0,  7012,  183473,
0,  0,  435649,  0,  0,  27882,  183473,
0,  0,  366074,  0,  0,  19112,  183473,
0,  0,  473236,  0,  0,  17154,  183473,
0,  0,  311082,  0,  0,  17790,  183473,
0,  0,  325462,  0,  0,  39067,  183473,
0,  0,  334754,  0,  0,  17019,  183473,
0,  0,  383742,  0,  0,  66842,  183473,
0,  0,  335475,  0,  0,  28185,  183473,
0,  0,  359629,  0,  0,  15161,  183473,
0,  0,  316044,  0,  0,  16141,  183473,
0,  0,  352786,  0,  0,  30192,  183473,
0,  0,  369154,  0,  0,  16505,  183473,
0,  0,  373576,  0,  0,  27689,  183473,
0,  0,  361414,  0,  0,  7454,  183473,
0,  0,  362884,  0,  0,  11976,  183473,
0,  0,  420299,  0,  0,  14866,  183473,
0,  0,  375595,  0,  0,  16338,  183473,
0,  0,  1039696,  0,  0,  314817,  246101,
0,  0,  855484,  0,  0,  53343,  270240,
0,  0,  807256,  0,  0,  51723,  293368,
0,  0,  927350,  0,  0,  46708,  293368,
0,  0,  850554,  0,  0,  56575,  293368,
0,  0,  852791,  0,  0,  59143,  293368,
0,  0,  867398,  0,  0,  70487,  293368,
0,  0,  827462,  0,  0,  45507,  293368,
0,  0,  920469,  0,  0,  50193,  293368,
0,  0,  815958,  0,  0,  53015,  293368,
0,  0,  829883,  0,  0,  79643,  293368,
0,  0,  779094,  0,  0,  142998,  293368,
0,  0,  848672,  0,  0,  53946,  293368,
0,  0,  877263,  0,  0,  47138,  293368,
0,  0,  847158,  0,  0,  60883,  293368,
0,  0,  841209,  0,  0,  65091,  293368,
0,  0,  885963,  0,  0,  37317,  293368,
0,  0,  923156,  0,  0,  33150,  293368,
0,  0,  932193,  0,  0,  50177,  293368,
0,  0,  837949,  0,  0,  59928,  293368,
0,  0,  1379459,  0,  0,  84825,  407705,
0,  0,  1353436,  0,  0,  105360,  420674,
0,  0,  1344428,  0,  0,  78796,  419415,
0,  0,  1398064,  0,  0,  67958,  419415,
0,  0,  1389655,  0,  0,  87975,  419415,
0,  0,  1325153,  0,  0,  67991,  419415,
0,  0,  1277497,  0,  0,  54666,  419415,
0,  0,  1339216,  0,  0,  85680,  419415,
0,  0,  1371159,  0,  0,  76748,  419415,
0,  0,  1424693,  0,  0,  82531,  419415,
0,  0,  1321543,  0,  0,  111777,  419415,
0,  0,  1322967,  0,  0,  87383,  419415,
0,  0,  1431166,  0,  0,  69932,  419415,
0,  0,  1406674,  0,  0,  75633,  419415,
0,  0,  1333374,  0,  0,  103125,  419415,
0,  0,  1335531,  0,  0,  101095,  419415,
0,  0,  1332207,  0,  0,  75117,  419415,
0,  0,  1348960,  0,  0,  80454,  419415,
0,  0,  1323657,  0,  0,  80781,  419415,
0,  0,  1346355,  0,  0,  90783,  419415,
0,  0,  1942671,  0,  0,  262896,  755719,
0,  0,  1874227,  0,  0,  117803,  762083,
0,  0,  1923744,  0,  0,  153829,  727216,
0,  0,  1851024,  0,  0,  211385,  727216,
0,  0,  2090059,  0,  0,  165241,  727216,
0,  0,  1995801,  0,  0,  165729,  727216,
0,  0,  1931854,  0,  0,  136881,  727216,
0,  0,  1956944,  0,  0,  140070,  727216,
0,  0,  2021142,  0,  0,  157062,  727216,
0,  0,  2049166,  0,  0,  152413,  727216,
0,  0,  2016403,  0,  0,  153034,  727216,
0,  0,  1865382,  0,  0,  148256,  727216,
0,  0,  2065036,  0,  0,  159927,  727216,
0,  0,  1862268,  0,  0,  169044,  727216,
0,  0,  1971495,  0,  0,  160257,  727216,
0,  0,  2117631,  0,  0,  158966,  727216,
0,  0,  1968131,  0,  0,  157677,  727216,
0,  0,  1916201,  0,  0,  141414,  727216,
0,  0,  2260977,  0,  0,  154395,  727216,
0,  0,  1937245,  0,  0,  152102,  727216,
0,  0,  46602670,  0,  0,  224810,  1044787,
0,  0,  46704730,  0,  0,  215317,  1042800,
0,  0,  46429695,  0,  0,  152735,  1041452,
0,  0,  46204543,  0,  0,  194087,  1041452,
0,  0,  46354937,  0,  0,  177319,  1041452,
0,  0,  46525615,  0,  0,  219774,  1041452,
0,  0,  46712991,  0,  0,  171925,  1041452,
0,  0,  45954020,  0,  0,  173123,  1041452,
0,  0,  46289738,  0,  0,  238409,  1041452,
0,  0,  46526532,  0,  0,  207351,  1041452,
0,  0,  46188604,  0,  0,  206114,  1041452,
0,  0,  46172753,  0,  0,  200710,  1041452,
0,  0,  46289100,  0,  0,  180841,  1041452,
0,  0,  46458566,  0,  0,  205093,  1041452,
0,  0,  46611440,  0,  0,  228317,  1041452,
0,  0,  46328531,  0,  0,  203929,  1041452,
0,  0,  46332330,  0,  0,  179239,  1041452,
0,  0,  45894744,  0,  0,  206941,  1041452,
0,  0,  46468067,  0,  0,  168388,  1041452,
0,  0,  45896365,  0,  0,  231465,  1041452,
0,  0,  59490279,  0,  0,  341015,  1969021,
0,  0,  59618950,  0,  0,  388408,  2070406,
0,  0,  59287125,  0,  0,  232865,  1957785,
0,  0,  59392362,  0,  0,  259221,  1957785,
0,  0,  59809374,  0,  0,  315632,  1957785,
0,  0,  59768435,  0,  0,  246114,  1957785,
0,  0,  59828613,  0,  0,  270873,  1957785,
0,  0,  59404879,  0,  0,  233576,  1957785,
0,  0,  59376273,  0,  0,  227487,  1957785,
0,  0,  59305159,  0,  0,  258000,  1957785,
0,  0,  60058802,  0,  0,  288200,  1957785,
0,  0,  59603082,  0,  0,  325271,  1957785,
0,  0,  59164256,  0,  0,  253552,  1957785,
0,  0,  59468104,  0,  0,  221738,  1957785,
0,  0,  59463561,  0,  0,  296024,  1957785,
0,  0,  59638813,  0,  0,  239892,  1957785,
0,  0,  60036636,  0,  0,  306552,  1957785,
0,  0,  59316862,  0,  0,  270353,  1957785,
0,  0,  59261669,  0,  0,  300058,  1957785,
0,  0,  59568779,  0,  0,  291038,  1957785,
0,  0,  72288858,  0,  0,  389341,  2793005,
0,  0,  72277887,  0,  0,  273678,  2781593,
0,  0,  72118275,  0,  0,  314674,  2795411,
0,  0,  72105791,  0,  0,  287953,  2795411,
0,  0,  72275323,  0,  0,  524522,  2795411,
0,  0,  72111875,  0,  0,  291373,  2795411,
0,  0,  72210134,  0,  0,  334489,  2795411,
0,  0,  72319058,  0,  0,  320390,  2795411,
0,  0,  72131476,  0,  0,  300254,  2795411,
0,  0,  72027817,  0,  0,  351731,  2795411,
0,  0,  72452262,  0,  0,  314752,  2795411,
0,  0,  72236365,  0,  0,  312719,  2795411,
0,  0,  71859353,  0,  0,  341116,  2795411,
0,  0,  72453328,  0,  0,  312634,  2795411,
0,  0,  72549943,  0,  0,  307794,  2795411,
0,  0,  72559112,  0,  0,  311290,  2795411,
0,  0,  72010027,  0,  0,  326127,  2795411,
0,  0,  72778091,  0,  0,  416932,  2795411,
0,  0,  72707387,  0,  0,  357346,  2795411,
0,  0,  72662107,  0,  0,  330699,  2795411,
0,  0,  86080964,  0,  0,  1310516,  4951262,
0,  0,  88104038,  0,  0,  580623,  4768170,
0,  0,  85878508,  0,  0,  1464454,  4754424,
0,  0,  85817287,  0,  0,  1014915,  4754424,
0,  0,  86001854,  0,  0,  899144,  4754424,
0,  0,  86469877,  0,  0,  802647,  4754424,
0,  0,  86216401,  0,  0,  649431,  4754424,
0,  0,  86234829,  0,  0,  910952,  4754424,
0,  0,  86174353,  0,  0,  953732,  4754424,
0,  0,  86245295,  0,  0,  894726,  4754424,
0,  0,  86700056,  0,  0,  660510,  4754424,
0,  0,  85877964,  0,  0,  975733,  4754424,
0,  0,  86277208,  0,  0,  902348,  4754424,
0,  0,  86433668,  0,  0,  866517,  4754424,
0,  0,  86144497,  0,  0,  1022999,  4754424,
0,  0,  85861874,  0,  0,  932649,  4754424,
0,  0,  86169081,  0,  0,  1021087,  4754424,
0,  0,  86306328,  0,  0,  1096355,  4754424,
0,  0,  86644924,  0,  0,  961224,  4754424,
0,  0,  86310290,  0,  0,  980298,  4754424,
0,  0,  98469936,  0,  0,  1205932,  17175595,
0,  0,  98774421,  0,  0,  1143316,  17354459,
0,  0,  98768768,  0,  0,  1137111,  17154642,
0,  0,  99060099,  0,  0,  1182322,  17154642,
0,  0,  98708562,  0,  0,  997113,  17154642,
0,  0,  98451163,  0,  0,  1474642,  17154642,
0,  0,  98216543,  0,  0,  1244249,  17154642,
0,  0,  98571103,  0,  0,  1157594,  17154642,
0,  0,  98621795,  0,  0,  1100153,  17154642,
0,  0,  98801905,  0,  0,  1026173,  17154642,
0,  0,  98191653,  0,  0,  1101499,  17154642,
0,  0,  98782927,  0,  0,  1158131,  17154642,
0,  0,  98955302,  0,  0,  697553,  17154642,
0,  0,  98728431,  0,  0,  1226345,  17154642,
0,  0,  99097862,  0,  0,  962706,  17154642,
0,  0,  98787221,  0,  0,  1032044,  17154642,
0,  0,  99336972,  0,  0,  796412,  17154642,
0,  0,  99064070,  0,  0,  1157330,  17154642,
0,  0,  99604624,  0,  0,  830421,  17154642,
0,  0,  99291571,  0,  0,  1065580,  17154642,
0,  0,  113849224,  0,  0,  1063819,  34397086,
0,  0,  114439601,  0,  0,  1455467,  33834777,
0,  0,  113132139,  0,  0,  1353325,  34294598,
0,  0,  112703838,  0,  0,  946309,  34294598,
0,  0,  113182847,  0,  0,  1310861,  34294598,
0,  0,  112856087,  0,  0,  926447,  34294598,
0,  0,  112348047,  0,  0,  1201046,  34294598,
0,  0,  112618966,  0,  0,  873770,  34294598,
0,  0,  112983785,  0,  0,  1060764,  34294598,
0,  0,  112335396,  0,  0,  1129776,  34294598,
0,  0,  112729891,  0,  0,  963725,  34294598,
0,  0,  112988702,  0,  0,  1018507,  34294598,
0,  0,  113075621,  0,  0,  1018180,  34294598,
0,  0,  113399086,  0,  0,  844835,  34294598,
0,  0,  112857505,  0,  0,  1098397,  34294598,
0,  0,  112938432,  0,  0,  925222,  34294598,
0,  0,  113198837,  0,  0,  898232,  34294598,
0,  0,  113400297,  0,  0,  1037262,  34294598,
0,  0,  113826815,  0,  0,  986042,  34294598,
0,  0,  113750148,  0,  0,  874582,  34294598,





