Description: Results from the BQRRP speed comparison benchmark, recording the time it takes to perform BQRRP and alternative QR and QRCP factorizations.
File format: 7 columns, containing time for each algorithm: BQRRP+CholQR, BQRRP+QRF, HQRRP, HQRRP+QRF, HQRRP+CholQR, QRF, QP3;               rows correspond to BQRRP runs with mat sizes varying with powers of 2, with numruns repititions of each mat size.
Num OMP threads:1
Input type:2
Input size: dim start: 1000, 2000, 3000, 4000, 5000, 6000, 7000, 8000, 9000, 10000, 
Additional parameters: BQRRP block size: 128 num runs per size 20 BQRRP d factor: 1.000000
0,  0,  86531,  0,  0,  67780,  65883,
0,  0,  84715,  0,  0,  39887,  65966,
0,  0,  84756,  0,  0,  40022,  65919,
0,  0,  84922,  0,  0,  39921,  65919,
0,  0,  84984,  0,  0,  39713,  65919,
0,  0,  84826,  0,  0,  39687,  65919,
0,  0,  85068,  0,  0,  39626,  65919,
0,  0,  85241,  0,  0,  39733,  65919,
0,  0,  85160,  0,  0,  39725,  65919,
0,  0,  84922,  0,  0,  39737,  65919,
0,  0,  85205,  0,  0,  39702,  65919,
0,  0,  84839,  0,  0,  39686,  65919,
0,  0,  84570,  0,  0,  39687,  65919,
0,  0,  84877,  0,  0,  39729,  65919,
0,  0,  84788,  0,  0,  39825,  65919,
0,  0,  84958,  0,  0,  39717,  65919,
0,  0,  84749,  0,  0,  39716,  65919,
0,  0,  84689,  0,  0,  39678,  65919,
0,  0,  84785,  0,  0,  39738,  65919,
0,  0,  84905,  0,  0,  39704,  65919,
0,  0,  461831,  0,  0,  304267,  549721,
0,  0,  458600,  0,  0,  304495,  550146,
0,  0,  459527,  0,  0,  304641,  550047,
0,  0,  459977,  0,  0,  304398,  550047,
0,  0,  458029,  0,  0,  303794,  550047,
0,  0,  459024,  0,  0,  304344,  550047,
0,  0,  459584,  0,  0,  304407,  550047,
0,  0,  458015,  0,  0,  304156,  550047,
0,  0,  459429,  0,  0,  304304,  550047,
0,  0,  460547,  0,  0,  304560,  550047,
0,  0,  460084,  0,  0,  304247,  550047,
0,  0,  458485,  0,  0,  304232,  550047,
0,  0,  460154,  0,  0,  304353,  550047,
0,  0,  458473,  0,  0,  304481,  550047,
0,  0,  459439,  0,  0,  304455,  550047,
0,  0,  458387,  0,  0,  304239,  550047,
0,  0,  460515,  0,  0,  304278,  550047,
0,  0,  458207,  0,  0,  304373,  550047,
0,  0,  458874,  0,  0,  304135,  550047,
0,  0,  459261,  0,  0,  304128,  550047,
0,  0,  1306218,  0,  0,  1014664,  2183619,
0,  0,  1301958,  0,  0,  1014746,  2184169,
0,  0,  1301734,  0,  0,  1014999,  2184703,
0,  0,  1301780,  0,  0,  1013581,  2184703,
0,  0,  1300723,  0,  0,  1014509,  2184703,
0,  0,  1303127,  0,  0,  1014943,  2184703,
0,  0,  1302314,  0,  0,  1015680,  2184703,
0,  0,  1301474,  0,  0,  1014606,  2184703,
0,  0,  1301200,  0,  0,  1014574,  2184703,
0,  0,  1301717,  0,  0,  1015421,  2184703,
0,  0,  1302275,  0,  0,  1014657,  2184703,
0,  0,  1303017,  0,  0,  1015240,  2184703,
0,  0,  1300962,  0,  0,  1014668,  2184703,
0,  0,  1303321,  0,  0,  1014708,  2184703,
0,  0,  1302061,  0,  0,  1015101,  2184703,
0,  0,  1302639,  0,  0,  1014786,  2184703,
0,  0,  1301866,  0,  0,  1015847,  2184703,
0,  0,  1302303,  0,  0,  1017115,  2184703,
0,  0,  1301183,  0,  0,  1014337,  2184703,
0,  0,  1302945,  0,  0,  1014353,  2184703,
0,  0,  2825265,  0,  0,  2423105,  4965378,
0,  0,  2817917,  0,  0,  2424788,  4965476,
0,  0,  2819357,  0,  0,  2424370,  4966035,
0,  0,  2814436,  0,  0,  2424058,  4966035,
0,  0,  2815667,  0,  0,  2424967,  4966035,
0,  0,  2816181,  0,  0,  2423287,  4966035,
0,  0,  2817053,  0,  0,  2424290,  4966035,
0,  0,  2817598,  0,  0,  2423061,  4966035,
0,  0,  2816936,  0,  0,  2422989,  4966035,
0,  0,  2818182,  0,  0,  2423742,  4966035,
0,  0,  2817039,  0,  0,  2424412,  4966035,
0,  0,  2819563,  0,  0,  2424240,  4966035,
0,  0,  2817293,  0,  0,  2422825,  4966035,
0,  0,  2817132,  0,  0,  2423755,  4966035,
0,  0,  2815195,  0,  0,  2422800,  4966035,
0,  0,  2815558,  0,  0,  2424624,  4966035,
0,  0,  2818101,  0,  0,  2422382,  4966035,
0,  0,  2817991,  0,  0,  2422956,  4966035,
0,  0,  2816666,  0,  0,  2424388,  4966035,
0,  0,  2816957,  0,  0,  2424170,  4966035,
0,  0,  5165169,  0,  0,  4701429,  10588889,
0,  0,  5145857,  0,  0,  4706889,  10589138,
0,  0,  5145324,  0,  0,  4700781,  10589294,
0,  0,  5146096,  0,  0,  4698236,  10589294,
0,  0,  5144970,  0,  0,  4700682,  10589294,
0,  0,  5144828,  0,  0,  4697150,  10589294,
0,  0,  5145220,  0,  0,  4698214,  10589294,
0,  0,  5146222,  0,  0,  4697038,  10589294,
0,  0,  5143521,  0,  0,  4698564,  10589294,
0,  0,  5142602,  0,  0,  4694441,  10589294,
0,  0,  5145152,  0,  0,  4697657,  10589294,
0,  0,  5145791,  0,  0,  4698143,  10589294,
0,  0,  5142520,  0,  0,  4700859,  10589294,
0,  0,  5145619,  0,  0,  4701227,  10589294,
0,  0,  5146924,  0,  0,  4702541,  10589294,
0,  0,  5142621,  0,  0,  4701626,  10589294,
0,  0,  5143954,  0,  0,  4700522,  10589294,
0,  0,  5146211,  0,  0,  4701389,  10589294,
0,  0,  5146275,  0,  0,  4699948,  10589294,
0,  0,  5145856,  0,  0,  4699144,  10589294,
0,  0,  8572801,  0,  0,  8240128,  18322101,
0,  0,  8554742,  0,  0,  8237845,  18317317,
0,  0,  8550458,  0,  0,  8239583,  18323766,
0,  0,  8555987,  0,  0,  8236216,  18323766,
0,  0,  8558783,  0,  0,  8237082,  18323766,
0,  0,  8555244,  0,  0,  8235935,  18323766,
0,  0,  8553369,  0,  0,  8241049,  18323766,
0,  0,  8555504,  0,  0,  8242264,  18323766,
0,  0,  8557732,  0,  0,  8240957,  18323766,
0,  0,  8553483,  0,  0,  8232164,  18323766,
0,  0,  8550325,  0,  0,  8233617,  18323766,
0,  0,  8556065,  0,  0,  8229809,  18323766,
0,  0,  8552331,  0,  0,  8234806,  18323766,
0,  0,  8550679,  0,  0,  8240425,  18323766,
0,  0,  8556259,  0,  0,  8235112,  18323766,
0,  0,  8555556,  0,  0,  8229700,  18323766,
0,  0,  8555514,  0,  0,  8240002,  18323766,
0,  0,  8556280,  0,  0,  8234446,  18323766,
0,  0,  8561395,  0,  0,  8240074,  18323766,
0,  0,  8552510,  0,  0,  8238454,  18323766,
0,  0,  13127228,  0,  0,  12932443,  29325283,
0,  0,  13099860,  0,  0,  12954418,  29325260,
0,  0,  13099435,  0,  0,  12941860,  29325966,
0,  0,  13104802,  0,  0,  12931470,  29325966,
0,  0,  13103852,  0,  0,  12935041,  29325966,
0,  0,  13100875,  0,  0,  12930086,  29325966,
0,  0,  13102399,  0,  0,  12931268,  29325966,
0,  0,  13101673,  0,  0,  12932461,  29325966,
0,  0,  13103330,  0,  0,  12929093,  29325966,
0,  0,  13101078,  0,  0,  12930304,  29325966,
0,  0,  13097213,  0,  0,  12932427,  29325966,
0,  0,  13099509,  0,  0,  12929694,  29325966,
0,  0,  13099015,  0,  0,  12932890,  29325966,
0,  0,  13102156,  0,  0,  12931956,  29325966,
0,  0,  13100897,  0,  0,  12935006,  29325966,
0,  0,  13101361,  0,  0,  12928553,  29325966,
0,  0,  13097555,  0,  0,  12932639,  29325966,
0,  0,  13105193,  0,  0,  12937682,  29325966,
0,  0,  13098732,  0,  0,  12939809,  29325966,
0,  0,  13101594,  0,  0,  12940957,  29325966,
0,  0,  19212970,  0,  0,  19601143,  43111805,
0,  0,  19197192,  0,  0,  19625342,  43113522,
0,  0,  19201661,  0,  0,  19599766,  43117208,
0,  0,  19202599,  0,  0,  19593564,  43117208,
0,  0,  20238184,  0,  0,  19603384,  43117208,
0,  0,  19141049,  0,  0,  19567849,  43117208,
0,  0,  19151285,  0,  0,  19530228,  43117208,
0,  0,  19142842,  0,  0,  19520695,  43117208,
0,  0,  19149704,  0,  0,  19519218,  43117208,
0,  0,  19145017,  0,  0,  19511467,  43117208,
0,  0,  19151468,  0,  0,  19525395,  43117208,
0,  0,  19141499,  0,  0,  19510637,  43117208,
0,  0,  19149116,  0,  0,  19525870,  43117208,
0,  0,  19142706,  0,  0,  19515941,  43117208,
0,  0,  19148235,  0,  0,  19526991,  43117208,
0,  0,  19143598,  0,  0,  19519350,  43117208,
0,  0,  19148028,  0,  0,  19522849,  43117208,
0,  0,  19150321,  0,  0,  19520941,  43117208,
0,  0,  19148195,  0,  0,  19532287,  43117208,
0,  0,  19140369,  0,  0,  19523710,  43117208,
0,  0,  26660290,  0,  0,  27343114,  64130065,
0,  0,  26642068,  0,  0,  27364192,  64110696,
0,  0,  26634406,  0,  0,  27369366,  64094891,
0,  0,  26630617,  0,  0,  27347323,  64094891,
0,  0,  26631488,  0,  0,  27336096,  64094891,
0,  0,  26630982,  0,  0,  27345018,  64094891,
0,  0,  26631516,  0,  0,  27343863,  64094891,
0,  0,  26638059,  0,  0,  27346923,  64094891,
0,  0,  26637035,  0,  0,  27357317,  64094891,
0,  0,  26634884,  0,  0,  27347959,  64094891,
0,  0,  26637834,  0,  0,  27347735,  64094891,
0,  0,  26637066,  0,  0,  27360245,  64094891,
0,  0,  26640251,  0,  0,  27343307,  64094891,
0,  0,  26643379,  0,  0,  27354893,  64094891,
0,  0,  26645318,  0,  0,  27353448,  64094891,
0,  0,  26633864,  0,  0,  27340036,  64094891,
0,  0,  26632687,  0,  0,  27350175,  64094891,
0,  0,  26638813,  0,  0,  27336844,  64094891,
0,  0,  26639353,  0,  0,  27353743,  64094891,
0,  0,  26643543,  0,  0,  27347457,  64094891,
0,  0,  35986698,  0,  0,  38402694,  85489938,
0,  0,  35948552,  0,  0,  38437610,  85429827,
0,  0,  35946020,  0,  0,  38422987,  85485788,
0,  0,  35941755,  0,  0,  38442290,  85485788,
0,  0,  35945851,  0,  0,  38404566,  85485788,
0,  0,  35939392,  0,  0,  38405914,  85485788,
0,  0,  35932122,  0,  0,  38377498,  85485788,
0,  0,  35958434,  0,  0,  38417815,  85485788,
0,  0,  35955335,  0,  0,  38400274,  85485788,
0,  0,  35946730,  0,  0,  38414151,  85485788,
0,  0,  35950653,  0,  0,  38414785,  85485788,
0,  0,  35941321,  0,  0,  38426022,  85485788,
0,  0,  35951187,  0,  0,  38406931,  85485788,
0,  0,  36840534,  0,  0,  38404656,  85485788,
0,  0,  35983804,  0,  0,  38352415,  85485788,
0,  0,  35965368,  0,  0,  38312908,  85485788,
0,  0,  35961797,  0,  0,  38261360,  85485788,
0,  0,  35971154,  0,  0,  38323423,  85485788,
0,  0,  35965869,  0,  0,  38279450,  85485788,
0,  0,  35971093,  0,  0,  38337733,  85485788,
Description: Results from the BQRRP speed comparison benchmark, recording the time it takes to perform BQRRP and alternative QR and QRCP factorizations.
File format: 7 columns, containing time for each algorithm: BQRRP+CholQR, BQRRP+QRF, HQRRP, HQRRP+QRF, HQRRP+CholQR, QRF, QP3;               rows correspond to BQRRP runs with mat sizes varying with powers of 2, with numruns repititions of each mat size.
Num OMP threads:4
Input type:2
Input size: dim start: 1000, 2000, 3000, 4000, 5000, 6000, 7000, 8000, 9000, 10000, 
Additional parameters: BQRRP block size: 128 num runs per size 20 BQRRP d factor: 1.000000
0,  0,  75035,  0,  0,  27694,  78118,
0,  0,  73217,  0,  0,  25557,  80323,
0,  0,  73363,  0,  0,  26425,  78098,
0,  0,  74076,  0,  0,  25430,  78098,
0,  0,  74332,  0,  0,  25775,  78098,
0,  0,  73390,  0,  0,  25826,  78098,
0,  0,  73470,  0,  0,  25423,  78098,
0,  0,  73383,  0,  0,  25683,  78098,
0,  0,  73048,  0,  0,  25429,  78098,
0,  0,  73594,  0,  0,  26015,  78098,
0,  0,  73512,  0,  0,  25647,  78098,
0,  0,  72987,  0,  0,  25684,  78098,
0,  0,  72985,  0,  0,  25983,  78098,
0,  0,  72796,  0,  0,  25772,  78098,
0,  0,  73852,  0,  0,  25715,  78098,
0,  0,  73187,  0,  0,  25395,  78098,
0,  0,  73401,  0,  0,  25404,  78098,
0,  0,  72993,  0,  0,  25756,  78098,
0,  0,  73602,  0,  0,  25601,  78098,
0,  0,  73559,  0,  0,  25536,  78098,
0,  0,  295725,  0,  0,  118494,  659923,
0,  0,  292708,  0,  0,  118509,  660862,
0,  0,  294069,  0,  0,  119013,  659708,
0,  0,  292576,  0,  0,  119590,  659708,
0,  0,  291196,  0,  0,  118524,  659708,
0,  0,  291947,  0,  0,  119184,  659708,
0,  0,  292656,  0,  0,  118820,  659708,
0,  0,  291597,  0,  0,  118839,  659708,
0,  0,  291871,  0,  0,  118940,  659708,
0,  0,  291481,  0,  0,  118959,  659708,
0,  0,  291334,  0,  0,  118894,  659708,
0,  0,  290689,  0,  0,  118426,  659708,
0,  0,  291588,  0,  0,  118519,  659708,
0,  0,  291584,  0,  0,  118485,  659708,
0,  0,  290211,  0,  0,  119100,  659708,
0,  0,  300763,  0,  0,  121430,  659708,
0,  0,  299732,  0,  0,  123962,  659708,
0,  0,  293322,  0,  0,  124073,  659708,
0,  0,  293008,  0,  0,  121283,  659708,
0,  0,  293011,  0,  0,  120981,  659708,
0,  0,  698776,  0,  0,  337630,  2458930,
0,  0,  700494,  0,  0,  337586,  2450702,
0,  0,  699888,  0,  0,  337411,  2455853,
0,  0,  703222,  0,  0,  337467,  2455853,
0,  0,  702193,  0,  0,  338450,  2455853,
0,  0,  704970,  0,  0,  339044,  2455853,
0,  0,  704003,  0,  0,  339548,  2455853,
0,  0,  703606,  0,  0,  342430,  2455853,
0,  0,  702962,  0,  0,  338623,  2455853,
0,  0,  704441,  0,  0,  338962,  2455853,
0,  0,  701137,  0,  0,  340060,  2455853,
0,  0,  700003,  0,  0,  339398,  2455853,
0,  0,  702180,  0,  0,  339556,  2455853,
0,  0,  700692,  0,  0,  338411,  2455853,
0,  0,  704154,  0,  0,  338592,  2455853,
0,  0,  700424,  0,  0,  338505,  2455853,
0,  0,  702896,  0,  0,  339360,  2455853,
0,  0,  700721,  0,  0,  338858,  2455853,
0,  0,  698175,  0,  0,  337900,  2455853,
0,  0,  706704,  0,  0,  337967,  2455853,
0,  0,  1339822,  0,  0,  761768,  5264301,
0,  0,  1349555,  0,  0,  762346,  5092495,
0,  0,  1316108,  0,  0,  702830,  5090389,
0,  0,  1332740,  0,  0,  764932,  5090389,
0,  0,  1338014,  0,  0,  766071,  5090389,
0,  0,  1333058,  0,  0,  759302,  5090389,
0,  0,  1339234,  0,  0,  759726,  5090389,
0,  0,  1347355,  0,  0,  757456,  5090389,
0,  0,  1341516,  0,  0,  766339,  5090389,
0,  0,  1347664,  0,  0,  756536,  5090389,
0,  0,  1338467,  0,  0,  758822,  5090389,
0,  0,  1346166,  0,  0,  761645,  5090389,
0,  0,  1331932,  0,  0,  759216,  5090389,
0,  0,  1344827,  0,  0,  760709,  5090389,
0,  0,  1341707,  0,  0,  746201,  5090389,
0,  0,  1334906,  0,  0,  746286,  5090389,
0,  0,  1339848,  0,  0,  745769,  5090389,
0,  0,  1333499,  0,  0,  749173,  5090389,
0,  0,  1338077,  0,  0,  746152,  5090389,
0,  0,  1338875,  0,  0,  745970,  5090389,
0,  0,  2270040,  0,  0,  1424612,  10976574,
0,  0,  2272589,  0,  0,  1424205,  10649073,
0,  0,  2272445,  0,  0,  1427592,  10639171,
0,  0,  2272004,  0,  0,  1428892,  10639171,
0,  0,  2270240,  0,  0,  1432140,  10639171,
0,  0,  2276304,  0,  0,  1426676,  10639171,
0,  0,  2275097,  0,  0,  1426142,  10639171,
0,  0,  2266936,  0,  0,  1425446,  10639171,
0,  0,  2270444,  0,  0,  1423678,  10639171,
0,  0,  2277318,  0,  0,  1423020,  10639171,
0,  0,  2274006,  0,  0,  1418983,  10639171,
0,  0,  2268927,  0,  0,  1420362,  10639171,
0,  0,  2258753,  0,  0,  1421894,  10639171,
0,  0,  2268704,  0,  0,  1421530,  10639171,
0,  0,  2269454,  0,  0,  1420718,  10639171,
0,  0,  2271157,  0,  0,  1419258,  10639171,
0,  0,  2268722,  0,  0,  1444906,  10639171,
0,  0,  2269778,  0,  0,  1423116,  10639171,
0,  0,  2273939,  0,  0,  1421216,  10639171,
0,  0,  2258899,  0,  0,  1424261,  10639171,
0,  0,  3571511,  0,  0,  2479014,  17223078,
0,  0,  3561031,  0,  0,  2484665,  17233539,
0,  0,  3562583,  0,  0,  2483558,  17334224,
0,  0,  3557599,  0,  0,  2468481,  17334224,
0,  0,  3568227,  0,  0,  2488172,  17334224,
0,  0,  3392544,  0,  0,  2333464,  17334224,
0,  0,  3404717,  0,  0,  2327095,  17334224,
0,  0,  3395235,  0,  0,  2331390,  17334224,
0,  0,  3398921,  0,  0,  2336275,  17334224,
0,  0,  3395542,  0,  0,  2330163,  17334224,
0,  0,  3396843,  0,  0,  2319040,  17334224,
0,  0,  3391118,  0,  0,  2323502,  17334224,
0,  0,  3386274,  0,  0,  2313982,  17334224,
0,  0,  3395248,  0,  0,  2311519,  17334224,
0,  0,  3414878,  0,  0,  2324821,  17334224,
0,  0,  3396380,  0,  0,  2308556,  17334224,
0,  0,  3414610,  0,  0,  2306632,  17334224,
0,  0,  3395440,  0,  0,  2317311,  17334224,
0,  0,  3419471,  0,  0,  2329035,  17334224,
0,  0,  3395475,  0,  0,  2328377,  17334224,
0,  0,  4975684,  0,  0,  3561791,  26174801,
0,  0,  4973668,  0,  0,  3560021,  26168225,
0,  0,  4997683,  0,  0,  3559507,  26166041,
0,  0,  4974080,  0,  0,  3561643,  26166041,
0,  0,  4990585,  0,  0,  3560735,  26166041,
0,  0,  4973080,  0,  0,  3558625,  26166041,
0,  0,  4993826,  0,  0,  3560095,  26166041,
0,  0,  4983231,  0,  0,  3560653,  26166041,
0,  0,  4997277,  0,  0,  3561086,  26166041,
0,  0,  4975879,  0,  0,  3562602,  26166041,
0,  0,  4996706,  0,  0,  3561389,  26166041,
0,  0,  4977362,  0,  0,  3562426,  26166041,
0,  0,  4991217,  0,  0,  3560259,  26166041,
0,  0,  4972056,  0,  0,  3560461,  26166041,
0,  0,  4995313,  0,  0,  3560281,  26166041,
0,  0,  5061412,  0,  0,  3562371,  26166041,
0,  0,  5220857,  0,  0,  3921816,  26166041,
0,  0,  5188684,  0,  0,  3917993,  26166041,
0,  0,  5177839,  0,  0,  3916182,  26166041,
0,  0,  5211107,  0,  0,  3919356,  26166041,
0,  0,  7368364,  0,  0,  6141382,  38180658,
0,  0,  7371430,  0,  0,  6092366,  38170686,
0,  0,  7390041,  0,  0,  6095157,  38207173,
0,  0,  7353613,  0,  0,  6104015,  38207173,
0,  0,  7353264,  0,  0,  6092802,  38207173,
0,  0,  7353027,  0,  0,  6063512,  38207173,
0,  0,  7370872,  0,  0,  6064423,  38207173,
0,  0,  7346985,  0,  0,  6072915,  38207173,
0,  0,  7306258,  0,  0,  6016082,  38207173,
0,  0,  7289208,  0,  0,  5894322,  38207173,
0,  0,  7310101,  0,  0,  5901353,  38207173,
0,  0,  7344900,  0,  0,  5790755,  38207173,
0,  0,  7350862,  0,  0,  5910832,  38207173,
0,  0,  7342030,  0,  0,  5799693,  38207173,
0,  0,  7325459,  0,  0,  5821612,  38207173,
0,  0,  7319953,  0,  0,  5801724,  38207173,
0,  0,  7337576,  0,  0,  5903570,  38207173,
0,  0,  7297113,  0,  0,  5904311,  38207173,
0,  0,  7358672,  0,  0,  5718565,  38207173,
0,  0,  7360696,  0,  0,  5961529,  38207173,
0,  0,  9759470,  0,  0,  8051842,  59741788,
0,  0,  9806910,  0,  0,  8327316,  57158671,
0,  0,  9835212,  0,  0,  8296420,  57192229,
0,  0,  9826330,  0,  0,  8302250,  57192229,
0,  0,  9828631,  0,  0,  8306098,  57192229,
0,  0,  9833085,  0,  0,  8302614,  57192229,
0,  0,  9659193,  0,  0,  8304679,  57192229,
0,  0,  9436738,  0,  0,  7492316,  57192229,
0,  0,  9463206,  0,  0,  7452340,  57192229,
0,  0,  9702873,  0,  0,  7475529,  57192229,
0,  0,  10138177,  0,  0,  8408718,  57192229,
0,  0,  10009058,  0,  0,  8349506,  57192229,
0,  0,  10025675,  0,  0,  8131246,  57192229,
0,  0,  10004087,  0,  0,  8097651,  57192229,
0,  0,  9986160,  0,  0,  8041381,  57192229,
0,  0,  9985921,  0,  0,  8097001,  57192229,
0,  0,  9893400,  0,  0,  8110537,  57192229,
0,  0,  9991027,  0,  0,  7907443,  57192229,
0,  0,  9937082,  0,  0,  8110937,  57192229,
0,  0,  9635275,  0,  0,  7729900,  57192229,
0,  0,  12492638,  0,  0,  10627676,  73351804,
0,  0,  12430557,  0,  0,  10444476,  73122741,
0,  0,  13011355,  0,  0,  10424440,  98455792,
0,  0,  12706246,  0,  0,  11683906,  98455792,
0,  0,  12777258,  0,  0,  11531920,  98455792,
0,  0,  13295003,  0,  0,  11774243,  98455792,
0,  0,  13283935,  0,  0,  11707229,  98455792,
0,  0,  13182887,  0,  0,  11791827,  98455792,
0,  0,  13188778,  0,  0,  11571829,  98455792,
0,  0,  13071747,  0,  0,  11626045,  98455792,
0,  0,  13041567,  0,  0,  11325614,  98455792,
0,  0,  13024290,  0,  0,  11334401,  98455792,
0,  0,  13076629,  0,  0,  11366839,  98455792,
0,  0,  13071433,  0,  0,  11453397,  98455792,
0,  0,  12916775,  0,  0,  10981323,  98455792,
0,  0,  12927226,  0,  0,  10956951,  98455792,
0,  0,  12913018,  0,  0,  10948457,  98455792,
0,  0,  12934268,  0,  0,  10975923,  98455792,
0,  0,  12899810,  0,  0,  10979445,  98455792,
0,  0,  12929709,  0,  0,  10978336,  98455792,
Description: Results from the BQRRP speed comparison benchmark, recording the time it takes to perform BQRRP and alternative QR and QRCP factorizations.
File format: 7 columns, containing time for each algorithm: BQRRP+CholQR, BQRRP+QRF, HQRRP, HQRRP+QRF, HQRRP+CholQR, QRF, QP3;               rows correspond to BQRRP runs with mat sizes varying with powers of 2, with numruns repititions of each mat size.
Num OMP threads:8
Input type:2
Input size: dim start: 1000, 2000, 3000, 4000, 5000, 6000, 7000, 8000, 9000, 10000, 
Additional parameters: BQRRP block size: 128 num runs per size 20 BQRRP d factor: 1.000000
0,  0,  68930,  0,  0,  32216,  70233,
0,  0,  68602,  0,  0,  29292,  71662,
0,  0,  68812,  0,  0,  30383,  73941,
0,  0,  70235,  0,  0,  30872,  73941,
0,  0,  69045,  0,  0,  30767,  73941,
0,  0,  69327,  0,  0,  30426,  73941,
0,  0,  68375,  0,  0,  30558,  73941,
0,  0,  67843,  0,  0,  29814,  73941,
0,  0,  67869,  0,  0,  29722,  73941,
0,  0,  68093,  0,  0,  29934,  73941,
0,  0,  68267,  0,  0,  29908,  73941,
0,  0,  68283,  0,  0,  29577,  73941,
0,  0,  68070,  0,  0,  29911,  73941,
0,  0,  68287,  0,  0,  29812,  73941,
0,  0,  69511,  0,  0,  29125,  73941,
0,  0,  71533,  0,  0,  33446,  73941,
0,  0,  70397,  0,  0,  30476,  73941,
0,  0,  70135,  0,  0,  30648,  73941,
0,  0,  69612,  0,  0,  30620,  73941,
0,  0,  69463,  0,  0,  30510,  73941,
0,  0,  273665,  0,  0,  138586,  669482,
0,  0,  271732,  0,  0,  138656,  667732,
0,  0,  273049,  0,  0,  140254,  668525,
0,  0,  271982,  0,  0,  138491,  668525,
0,  0,  271453,  0,  0,  139408,  668525,
0,  0,  271374,  0,  0,  139287,  668525,
0,  0,  271170,  0,  0,  139372,  668525,
0,  0,  272358,  0,  0,  139102,  668525,
0,  0,  271179,  0,  0,  139600,  668525,
0,  0,  272516,  0,  0,  138410,  668525,
0,  0,  271507,  0,  0,  138864,  668525,
0,  0,  272007,  0,  0,  139350,  668525,
0,  0,  271272,  0,  0,  138104,  668525,
0,  0,  271403,  0,  0,  138985,  668525,
0,  0,  271705,  0,  0,  138206,  668525,
0,  0,  271936,  0,  0,  139187,  668525,
0,  0,  271890,  0,  0,  139328,  668525,
0,  0,  272042,  0,  0,  139228,  668525,
0,  0,  271739,  0,  0,  139901,  668525,
0,  0,  272421,  0,  0,  139132,  668525,
0,  0,  632638,  0,  0,  371951,  2602513,
0,  0,  632704,  0,  0,  374207,  2602032,
0,  0,  632956,  0,  0,  375380,  2563815,
0,  0,  628251,  0,  0,  373688,  2563815,
0,  0,  627344,  0,  0,  372203,  2563815,
0,  0,  626713,  0,  0,  372988,  2563815,
0,  0,  626838,  0,  0,  371927,  2563815,
0,  0,  629394,  0,  0,  372382,  2563815,
0,  0,  627346,  0,  0,  373043,  2563815,
0,  0,  632558,  0,  0,  372838,  2563815,
0,  0,  627834,  0,  0,  373199,  2563815,
0,  0,  629201,  0,  0,  373607,  2563815,
0,  0,  627063,  0,  0,  371465,  2563815,
0,  0,  628213,  0,  0,  371794,  2563815,
0,  0,  627410,  0,  0,  372851,  2563815,
0,  0,  624390,  0,  0,  372321,  2563815,
0,  0,  624270,  0,  0,  370383,  2563815,
0,  0,  625560,  0,  0,  372572,  2563815,
0,  0,  624557,  0,  0,  371470,  2563815,
0,  0,  624252,  0,  0,  371826,  2563815,
0,  0,  1150314,  0,  0,  777736,  5696487,
0,  0,  1142570,  0,  0,  775806,  5704043,
0,  0,  1145341,  0,  0,  777410,  5699644,
0,  0,  1143013,  0,  0,  778081,  5699644,
0,  0,  1147294,  0,  0,  780030,  5699644,
0,  0,  1160113,  0,  0,  775911,  5699644,
0,  0,  1149323,  0,  0,  780223,  5699644,
0,  0,  1141419,  0,  0,  778304,  5699644,
0,  0,  1145914,  0,  0,  777806,  5699644,
0,  0,  1144361,  0,  0,  780846,  5699644,
0,  0,  1144610,  0,  0,  778746,  5699644,
0,  0,  1147622,  0,  0,  779819,  5699644,
0,  0,  1143745,  0,  0,  781932,  5699644,
0,  0,  1142822,  0,  0,  780031,  5699644,
0,  0,  1144580,  0,  0,  775186,  5699644,
0,  0,  1144091,  0,  0,  778796,  5699644,
0,  0,  1144737,  0,  0,  776348,  5699644,
0,  0,  1144114,  0,  0,  776728,  5699644,
0,  0,  1150859,  0,  0,  775946,  5699644,
0,  0,  1154098,  0,  0,  778745,  5699644,
0,  0,  1863872,  0,  0,  1365785,  12351756,
0,  0,  1802979,  0,  0,  1316003,  12932654,
0,  0,  1866270,  0,  0,  1378621,  12547359,
0,  0,  1735040,  0,  0,  1198667,  12547359,
0,  0,  1733840,  0,  0,  1189277,  12547359,
0,  0,  1739117,  0,  0,  1196348,  12547359,
0,  0,  1684423,  0,  0,  1042912,  12547359,
0,  0,  1683790,  0,  0,  1046040,  12547359,
0,  0,  1688528,  0,  0,  1042117,  12547359,
0,  0,  1686742,  0,  0,  1032602,  12547359,
0,  0,  1688388,  0,  0,  1039568,  12547359,
0,  0,  1712627,  0,  0,  1277213,  12547359,
0,  0,  1688476,  0,  0,  1038907,  12547359,
0,  0,  1687070,  0,  0,  1039707,  12547359,
0,  0,  1681881,  0,  0,  1037805,  12547359,
0,  0,  1687495,  0,  0,  1031112,  12547359,
0,  0,  1683043,  0,  0,  1035504,  12547359,
0,  0,  1686826,  0,  0,  1125136,  12547359,
0,  0,  1686834,  0,  0,  1040551,  12547359,
0,  0,  1688522,  0,  0,  1037192,  12547359,
0,  0,  2570666,  0,  0,  1686266,  16335628,
0,  0,  2574497,  0,  0,  1678860,  16333103,
0,  0,  2568441,  0,  0,  1691548,  16336884,
0,  0,  2575119,  0,  0,  1692842,  16336884,
0,  0,  2608921,  0,  0,  1788026,  16336884,
0,  0,  2571235,  0,  0,  1687557,  16336884,
0,  0,  2567089,  0,  0,  1703228,  16336884,
0,  0,  2572530,  0,  0,  1682855,  16336884,
0,  0,  2569913,  0,  0,  1696784,  16336884,
0,  0,  2570814,  0,  0,  1702626,  16336884,
0,  0,  2566849,  0,  0,  1683600,  16336884,
0,  0,  2571804,  0,  0,  1688943,  16336884,
0,  0,  2564578,  0,  0,  1709426,  16336884,
0,  0,  2567960,  0,  0,  1689179,  16336884,
0,  0,  2568527,  0,  0,  1686000,  16336884,
0,  0,  2571098,  0,  0,  1691621,  16336884,
0,  0,  2568048,  0,  0,  1679023,  16336884,
0,  0,  2570819,  0,  0,  1682791,  16336884,
0,  0,  2682736,  0,  0,  1962267,  16336884,
0,  0,  2677358,  0,  0,  1959621,  16336884,
0,  0,  3634337,  0,  0,  2582871,  25576107,
0,  0,  3640733,  0,  0,  2489652,  25578395,
0,  0,  3658608,  0,  0,  2617462,  25540747,
0,  0,  3653452,  0,  0,  2478229,  25540747,
0,  0,  3656464,  0,  0,  2486370,  25540747,
0,  0,  3656778,  0,  0,  2499823,  25540747,
0,  0,  3654320,  0,  0,  2490947,  25540747,
0,  0,  3799294,  0,  0,  2759298,  25540747,
0,  0,  3805250,  0,  0,  2781668,  25540747,
0,  0,  3657415,  0,  0,  2489550,  25540747,
0,  0,  3663055,  0,  0,  2482161,  25540747,
0,  0,  3657013,  0,  0,  2467260,  25540747,
0,  0,  3652005,  0,  0,  2482458,  25540747,
0,  0,  3649876,  0,  0,  2491167,  25540747,
0,  0,  3694877,  0,  0,  2485949,  25540747,
0,  0,  3661922,  0,  0,  2483666,  25540747,
0,  0,  3650190,  0,  0,  2471530,  25540747,
0,  0,  3652089,  0,  0,  2471695,  25540747,
0,  0,  3647084,  0,  0,  2456567,  25540747,
0,  0,  3647222,  0,  0,  2487191,  25540747,
0,  0,  5073502,  0,  0,  3600301,  36533912,
0,  0,  5049451,  0,  0,  3588852,  36593719,
0,  0,  5058331,  0,  0,  3587038,  36593483,
0,  0,  5043391,  0,  0,  3583382,  36593483,
0,  0,  5048259,  0,  0,  3589983,  36593483,
0,  0,  5050584,  0,  0,  3596201,  36593483,
0,  0,  5039688,  0,  0,  3586396,  36593483,
0,  0,  5047304,  0,  0,  3735027,  36593483,
0,  0,  5062477,  0,  0,  3590017,  36593483,
0,  0,  5048389,  0,  0,  3595672,  36593483,
0,  0,  5059030,  0,  0,  3601920,  36593483,
0,  0,  5032122,  0,  0,  3568742,  36593483,
0,  0,  5067304,  0,  0,  3576664,  36593483,
0,  0,  5078744,  0,  0,  3587967,  36593483,
0,  0,  5070450,  0,  0,  3579981,  36593483,
0,  0,  5070479,  0,  0,  3586657,  36593483,
0,  0,  5056452,  0,  0,  3583235,  36593483,
0,  0,  5041571,  0,  0,  3573630,  36593483,
0,  0,  5057683,  0,  0,  3679846,  36593483,
0,  0,  5054520,  0,  0,  3579982,  36593483,
0,  0,  6584456,  0,  0,  4691760,  55137283,
0,  0,  6581630,  0,  0,  4688854,  55412588,
0,  0,  6578080,  0,  0,  4657042,  55279269,
0,  0,  6576685,  0,  0,  4677533,  55279269,
0,  0,  6658201,  0,  0,  4685092,  55279269,
0,  0,  6608586,  0,  0,  4700624,  55279269,
0,  0,  6588576,  0,  0,  4682622,  55279269,
0,  0,  6579899,  0,  0,  4672873,  55279269,
0,  0,  6908905,  0,  0,  4681433,  55279269,
0,  0,  7227726,  0,  0,  5182095,  55279269,
0,  0,  6625766,  0,  0,  5008394,  55279269,
0,  0,  6602722,  0,  0,  4727658,  55279269,
0,  0,  6617345,  0,  0,  4720318,  55279269,
0,  0,  6609967,  0,  0,  4729415,  55279269,
0,  0,  6608643,  0,  0,  4736998,  55279269,
0,  0,  6588407,  0,  0,  4719048,  55279269,
0,  0,  6583144,  0,  0,  4722453,  55279269,
0,  0,  6576087,  0,  0,  4701550,  55279269,
0,  0,  6572932,  0,  0,  4683275,  55279269,
0,  0,  6577293,  0,  0,  4684204,  55279269,
0,  0,  8511371,  0,  0,  6270384,  71604217,
0,  0,  8498396,  0,  0,  6273207,  71613245,
0,  0,  8809586,  0,  0,  6584761,  71918786,
0,  0,  8492060,  0,  0,  6253954,  71918786,
0,  0,  8496061,  0,  0,  6236403,  71918786,
0,  0,  8498852,  0,  0,  6393630,  71918786,
0,  0,  8504456,  0,  0,  6253315,  71918786,
0,  0,  8728079,  0,  0,  7274389,  71918786,
0,  0,  8860087,  0,  0,  7326354,  71918786,
0,  0,  8892344,  0,  0,  6932244,  71918786,
0,  0,  8667486,  0,  0,  7137588,  71918786,
0,  0,  8633920,  0,  0,  6919984,  71918786,
0,  0,  8635846,  0,  0,  6807411,  71918786,
0,  0,  8663882,  0,  0,  6852741,  71918786,
0,  0,  8658272,  0,  0,  6758947,  71918786,
0,  0,  8602116,  0,  0,  6764120,  71918786,
0,  0,  8583931,  0,  0,  6698238,  71918786,
0,  0,  8605045,  0,  0,  6689601,  71918786,
0,  0,  8587024,  0,  0,  6700237,  71918786,
0,  0,  8611286,  0,  0,  6683207,  71918786,
Description: Results from the BQRRP speed comparison benchmark, recording the time it takes to perform BQRRP and alternative QR and QRCP factorizations.
File format: 7 columns, containing time for each algorithm: BQRRP+CholQR, BQRRP+QRF, HQRRP, HQRRP+QRF, HQRRP+CholQR, QRF, QP3;               rows correspond to BQRRP runs with mat sizes varying with powers of 2, with numruns repititions of each mat size.
Num OMP threads:16
Input type:2
Input size: dim start: 1000, 2000, 3000, 4000, 5000, 6000, 7000, 8000, 9000, 10000, 
Additional parameters: BQRRP block size: 128 num runs per size 20 BQRRP d factor: 1.000000
0,  0,  98017,  0,  0,  52605,  68559,
0,  0,  97107,  0,  0,  51255,  67482,
0,  0,  97082,  0,  0,  50092,  64591,
0,  0,  96705,  0,  0,  50072,  64591,
0,  0,  84517,  0,  0,  43652,  64591,
0,  0,  83279,  0,  0,  40212,  64591,
0,  0,  88632,  0,  0,  45096,  64591,
0,  0,  87826,  0,  0,  46864,  64591,
0,  0,  87225,  0,  0,  45647,  64591,
0,  0,  83022,  0,  0,  39301,  64591,
0,  0,  83822,  0,  0,  41161,  64591,
0,  0,  85090,  0,  0,  40157,  64591,
0,  0,  84078,  0,  0,  41077,  64591,
0,  0,  83170,  0,  0,  40497,  64591,
0,  0,  83178,  0,  0,  39605,  64591,
0,  0,  81766,  0,  0,  40510,  64591,
0,  0,  82074,  0,  0,  39290,  64591,
0,  0,  82087,  0,  0,  39384,  64591,
0,  0,  81964,  0,  0,  39130,  64591,
0,  0,  82955,  0,  0,  39783,  64591,
0,  0,  272863,  0,  0,  102209,  539517,
0,  0,  268166,  0,  0,  101255,  543690,
0,  0,  268125,  0,  0,  101417,  543697,
0,  0,  273278,  0,  0,  101414,  543697,
0,  0,  270236,  0,  0,  102215,  543697,
0,  0,  268333,  0,  0,  101147,  543697,
0,  0,  268994,  0,  0,  101548,  543697,
0,  0,  269293,  0,  0,  102134,  543697,
0,  0,  269807,  0,  0,  102397,  543697,
0,  0,  266978,  0,  0,  102329,  543697,
0,  0,  269019,  0,  0,  101895,  543697,
0,  0,  269058,  0,  0,  101962,  543697,
0,  0,  268858,  0,  0,  102650,  543697,
0,  0,  269063,  0,  0,  102633,  543697,
0,  0,  267029,  0,  0,  101743,  543697,
0,  0,  267755,  0,  0,  101998,  543697,
0,  0,  272690,  0,  0,  102022,  543697,
0,  0,  269048,  0,  0,  102059,  543697,
0,  0,  271143,  0,  0,  102010,  543697,
0,  0,  268708,  0,  0,  101128,  543697,
0,  0,  582645,  0,  0,  222649,  2147465,
0,  0,  575409,  0,  0,  223814,  2146839,
0,  0,  578737,  0,  0,  222108,  2151432,
0,  0,  574269,  0,  0,  223359,  2151432,
0,  0,  572628,  0,  0,  222620,  2151432,
0,  0,  577431,  0,  0,  223477,  2151432,
0,  0,  572958,  0,  0,  222656,  2151432,
0,  0,  579621,  0,  0,  222386,  2151432,
0,  0,  601856,  0,  0,  260199,  2151432,
0,  0,  578337,  0,  0,  257488,  2151432,
0,  0,  570243,  0,  0,  222147,  2151432,
0,  0,  578034,  0,  0,  224163,  2151432,
0,  0,  576748,  0,  0,  266130,  2151432,
0,  0,  580148,  0,  0,  234337,  2151432,
0,  0,  574019,  0,  0,  253683,  2151432,
0,  0,  575111,  0,  0,  237694,  2151432,
0,  0,  579732,  0,  0,  222270,  2151432,
0,  0,  574175,  0,  0,  221962,  2151432,
0,  0,  576769,  0,  0,  222255,  2151432,
0,  0,  577900,  0,  0,  222838,  2151432,
0,  0,  998259,  0,  0,  414082,  4606042,
0,  0,  1004143,  0,  0,  486558,  4562916,
0,  0,  993297,  0,  0,  414336,  4562233,
0,  0,  999040,  0,  0,  413504,  4562233,
0,  0,  1001844,  0,  0,  417790,  4562233,
0,  0,  1008963,  0,  0,  415557,  4562233,
0,  0,  1005192,  0,  0,  416938,  4562233,
0,  0,  1007797,  0,  0,  414782,  4562233,
0,  0,  1003328,  0,  0,  415843,  4562233,
0,  0,  1007694,  0,  0,  416176,  4562233,
0,  0,  1003371,  0,  0,  416766,  4562233,
0,  0,  1004951,  0,  0,  413374,  4562233,
0,  0,  994196,  0,  0,  416199,  4562233,
0,  0,  1006360,  0,  0,  415303,  4562233,
0,  0,  1000133,  0,  0,  415711,  4562233,
0,  0,  998614,  0,  0,  413784,  4562233,
0,  0,  1009375,  0,  0,  416888,  4562233,
0,  0,  1005318,  0,  0,  415326,  4562233,
0,  0,  999561,  0,  0,  416542,  4562233,
0,  0,  999107,  0,  0,  414431,  4562233,
0,  0,  1594285,  0,  0,  773769,  9955316,
0,  0,  1581439,  0,  0,  761546,  10010294,
0,  0,  1589858,  0,  0,  776548,  10006909,
0,  0,  1646268,  0,  0,  904246,  10006909,
0,  0,  1582549,  0,  0,  770882,  10006909,
0,  0,  1579274,  0,  0,  771741,  10006909,
0,  0,  1576333,  0,  0,  766391,  10006909,
0,  0,  1580882,  0,  0,  848006,  10006909,
0,  0,  1573098,  0,  0,  774272,  10006909,
0,  0,  1587007,  0,  0,  777672,  10006909,
0,  0,  1596299,  0,  0,  780525,  10006909,
0,  0,  1581262,  0,  0,  774818,  10006909,
0,  0,  1588638,  0,  0,  769328,  10006909,
0,  0,  1586748,  0,  0,  818715,  10006909,
0,  0,  1585274,  0,  0,  777417,  10006909,
0,  0,  1590482,  0,  0,  849143,  10006909,
0,  0,  1579675,  0,  0,  763882,  10006909,
0,  0,  1586345,  0,  0,  776140,  10006909,
0,  0,  1572134,  0,  0,  859152,  10006909,
0,  0,  1589725,  0,  0,  787924,  10006909,
0,  0,  2406917,  0,  0,  1365004,  16370200,
0,  0,  2419745,  0,  0,  1340731,  22758908,
0,  0,  2323752,  0,  0,  1399261,  16525061,
0,  0,  2317819,  0,  0,  1398507,  16525061,
0,  0,  2319219,  0,  0,  1478577,  16525061,
0,  0,  2321145,  0,  0,  1365356,  16525061,
0,  0,  2341796,  0,  0,  1372351,  16525061,
0,  0,  2323464,  0,  0,  1356532,  16525061,
0,  0,  2321730,  0,  0,  1351588,  16525061,
0,  0,  2328064,  0,  0,  1358945,  16525061,
0,  0,  2324800,  0,  0,  1353068,  16525061,
0,  0,  2315329,  0,  0,  1362929,  16525061,
0,  0,  2341399,  0,  0,  1367570,  16525061,
0,  0,  2319744,  0,  0,  1366381,  16525061,
0,  0,  2332948,  0,  0,  1359853,  16525061,
0,  0,  2306706,  0,  0,  1362893,  16525061,
0,  0,  2330063,  0,  0,  1352703,  16525061,
0,  0,  2313099,  0,  0,  1459543,  16525061,
0,  0,  2328400,  0,  0,  1346637,  16525061,
0,  0,  2329431,  0,  0,  1362314,  16525061,
0,  0,  3230031,  0,  0,  2109601,  25992907,
0,  0,  3216065,  0,  0,  2055749,  25819642,
0,  0,  3219938,  0,  0,  2025998,  25645851,
0,  0,  3212397,  0,  0,  2052804,  25645851,
0,  0,  3207278,  0,  0,  2066561,  25645851,
0,  0,  3216170,  0,  0,  2042527,  25645851,
0,  0,  3263166,  0,  0,  2051576,  25645851,
0,  0,  3224547,  0,  0,  2065455,  25645851,
0,  0,  3235413,  0,  0,  2063004,  25645851,
0,  0,  3223943,  0,  0,  2063385,  25645851,
0,  0,  3271624,  0,  0,  2122688,  25645851,
0,  0,  3217868,  0,  0,  2313510,  25645851,
0,  0,  3225519,  0,  0,  2128447,  25645851,
0,  0,  3222489,  0,  0,  2129995,  25645851,
0,  0,  3218666,  0,  0,  2059601,  25645851,
0,  0,  3219224,  0,  0,  2043663,  25645851,
0,  0,  3217759,  0,  0,  2069591,  25645851,
0,  0,  3517336,  0,  0,  2093007,  25645851,
0,  0,  3505185,  0,  0,  2321189,  25645851,
0,  0,  3205422,  0,  0,  2093189,  25645851,
0,  0,  4344182,  0,  0,  2979270,  36765067,
0,  0,  4691653,  0,  0,  2949457,  38066252,
0,  0,  4459323,  0,  0,  3259245,  39322559,
0,  0,  4443126,  0,  0,  3296060,  39322559,
0,  0,  4434512,  0,  0,  3075224,  39322559,
0,  0,  4339315,  0,  0,  2978351,  39322559,
0,  0,  4354615,  0,  0,  2962227,  39322559,
0,  0,  4339664,  0,  0,  2971404,  39322559,
0,  0,  4362586,  0,  0,  3307673,  39322559,
0,  0,  4453098,  0,  0,  3192401,  39322559,
0,  0,  4385403,  0,  0,  3029624,  39322559,
0,  0,  4387963,  0,  0,  3088971,  39322559,
0,  0,  4533230,  0,  0,  3025085,  39322559,
0,  0,  4343643,  0,  0,  2974733,  39322559,
0,  0,  4353189,  0,  0,  2942546,  39322559,
0,  0,  4358619,  0,  0,  2964824,  39322559,
0,  0,  4342260,  0,  0,  2986021,  39322559,
0,  0,  4473064,  0,  0,  2998810,  39322559,
0,  0,  4506508,  0,  0,  3210668,  39322559,
0,  0,  4322689,  0,  0,  3003365,  39322559,
0,  0,  5517775,  0,  0,  3753668,  55330921,
0,  0,  5523142,  0,  0,  3706805,  55428163,
0,  0,  5485772,  0,  0,  3660563,  55444470,
0,  0,  5530096,  0,  0,  3676972,  55444470,
0,  0,  5515542,  0,  0,  3726476,  55444470,
0,  0,  5525124,  0,  0,  3690130,  55444470,
0,  0,  5497207,  0,  0,  3712841,  55444470,
0,  0,  5527157,  0,  0,  3760098,  55444470,
0,  0,  5498324,  0,  0,  3727955,  55444470,
0,  0,  5516899,  0,  0,  3804098,  55444470,
0,  0,  5506376,  0,  0,  3757105,  55444470,
0,  0,  5566130,  0,  0,  3675418,  55444470,
0,  0,  5502754,  0,  0,  3698600,  55444470,
0,  0,  5530488,  0,  0,  3699590,  55444470,
0,  0,  5483992,  0,  0,  3722845,  55444470,
0,  0,  5517512,  0,  0,  3700987,  55444470,
0,  0,  5485788,  0,  0,  3690150,  55444470,
0,  0,  5496237,  0,  0,  3662947,  55444470,
0,  0,  5696669,  0,  0,  3825564,  55444470,
0,  0,  5713230,  0,  0,  4017990,  55444470,
0,  0,  7197741,  0,  0,  5152509,  72166387,
0,  0,  6937438,  0,  0,  5042473,  76496156,
0,  0,  7270027,  0,  0,  5644162,  74809240,
0,  0,  6974981,  0,  0,  5188193,  74809240,
0,  0,  7011927,  0,  0,  4842995,  74809240,
0,  0,  7025994,  0,  0,  4840671,  74809240,
0,  0,  7262506,  0,  0,  5156746,  74809240,
0,  0,  7112445,  0,  0,  5136723,  74809240,
0,  0,  7004425,  0,  0,  5007299,  74809240,
0,  0,  7154602,  0,  0,  4853930,  74809240,
0,  0,  7190339,  0,  0,  5097874,  74809240,
0,  0,  7034496,  0,  0,  5381464,  74809240,
0,  0,  6955718,  0,  0,  4844722,  74809240,
0,  0,  6997810,  0,  0,  4876902,  74809240,
0,  0,  7140615,  0,  0,  5222135,  74809240,
0,  0,  7291954,  0,  0,  5128981,  74809240,
0,  0,  6991364,  0,  0,  5227941,  74809240,
0,  0,  7035751,  0,  0,  4883933,  74809240,
0,  0,  7005303,  0,  0,  4877772,  74809240,
0,  0,  7231173,  0,  0,  5113793,  74809240,
Description: Results from the BQRRP speed comparison benchmark, recording the time it takes to perform BQRRP and alternative QR and QRCP factorizations.
File format: 7 columns, containing time for each algorithm: BQRRP+CholQR, BQRRP+QRF, HQRRP, HQRRP+QRF, HQRRP+CholQR, QRF, QP3;               rows correspond to BQRRP runs with mat sizes varying with powers of 2, with numruns repititions of each mat size.
Num OMP threads:32
Input type:2
Input size: dim start: 1000, 2000, 3000, 4000, 5000, 6000, 7000, 8000, 9000, 10000, 
Additional parameters: BQRRP block size: 128 num runs per size 20 BQRRP d factor: 1.000000
0,  0,  203756,  0,  0,  96358,  68632,
0,  0,  203156,  0,  0,  95049,  68068,
0,  0,  198163,  0,  0,  93387,  68646,
0,  0,  199277,  0,  0,  91764,  68646,
0,  0,  199297,  0,  0,  90436,  68646,
0,  0,  198485,  0,  0,  90873,  68646,
0,  0,  178577,  0,  0,  80577,  68646,
0,  0,  179898,  0,  0,  78376,  68646,
0,  0,  176299,  0,  0,  86485,  68646,
0,  0,  178687,  0,  0,  77148,  68646,
0,  0,  181412,  0,  0,  79059,  68646,
0,  0,  182793,  0,  0,  78218,  68646,
0,  0,  183075,  0,  0,  78723,  68646,
0,  0,  176746,  0,  0,  76069,  68646,
0,  0,  177552,  0,  0,  77728,  68646,
0,  0,  180812,  0,  0,  77780,  68646,
0,  0,  180607,  0,  0,  79295,  68646,
0,  0,  179621,  0,  0,  78964,  68646,
0,  0,  177495,  0,  0,  77169,  68646,
0,  0,  177391,  0,  0,  78328,  68646,
0,  0,  474391,  0,  0,  152059,  593577,
0,  0,  464955,  0,  0,  156381,  591052,
0,  0,  462589,  0,  0,  156264,  594702,
0,  0,  485750,  0,  0,  171879,  594702,
0,  0,  480320,  0,  0,  169020,  594702,
0,  0,  474493,  0,  0,  165425,  594702,
0,  0,  491903,  0,  0,  158221,  594702,
0,  0,  514707,  0,  0,  156090,  594702,
0,  0,  472299,  0,  0,  170311,  594702,
0,  0,  456921,  0,  0,  155312,  594702,
0,  0,  467612,  0,  0,  155795,  594702,
0,  0,  459111,  0,  0,  158778,  594702,
0,  0,  466916,  0,  0,  154239,  594702,
0,  0,  465609,  0,  0,  157000,  594702,
0,  0,  482740,  0,  0,  156774,  594702,
0,  0,  460843,  0,  0,  155314,  594702,
0,  0,  465759,  0,  0,  154851,  594702,
0,  0,  470900,  0,  0,  155948,  594702,
0,  0,  465546,  0,  0,  153905,  594702,
0,  0,  470042,  0,  0,  155370,  594702,
0,  0,  875109,  0,  0,  289544,  2736071,
0,  0,  877204,  0,  0,  289832,  2753358,
0,  0,  872970,  0,  0,  288394,  2688612,
0,  0,  852161,  0,  0,  277122,  2688612,
0,  0,  862587,  0,  0,  282069,  2688612,
0,  0,  853779,  0,  0,  283084,  2688612,
0,  0,  839893,  0,  0,  267393,  2688612,
0,  0,  848929,  0,  0,  268817,  2688612,
0,  0,  850170,  0,  0,  271651,  2688612,
0,  0,  847126,  0,  0,  275966,  2688612,
0,  0,  844606,  0,  0,  276598,  2688612,
0,  0,  852885,  0,  0,  272401,  2688612,
0,  0,  850584,  0,  0,  277252,  2688612,
0,  0,  845914,  0,  0,  275157,  2688612,
0,  0,  861671,  0,  0,  274950,  2688612,
0,  0,  852138,  0,  0,  272427,  2688612,
0,  0,  861458,  0,  0,  279180,  2688612,
0,  0,  855621,  0,  0,  280058,  2688612,
0,  0,  864476,  0,  0,  278952,  2688612,
0,  0,  865645,  0,  0,  279781,  2688612,
0,  0,  1385432,  0,  0,  468680,  4965674,
0,  0,  1347101,  0,  0,  443973,  4931668,
0,  0,  1342072,  0,  0,  445875,  4888804,
0,  0,  1343103,  0,  0,  442282,  4888804,
0,  0,  1349689,  0,  0,  454581,  4888804,
0,  0,  1353965,  0,  0,  459866,  4888804,
0,  0,  1347180,  0,  0,  462149,  4888804,
0,  0,  1352143,  0,  0,  454147,  4888804,
0,  0,  1371563,  0,  0,  459588,  4888804,
0,  0,  1337840,  0,  0,  456401,  4888804,
0,  0,  1357617,  0,  0,  464739,  4888804,
0,  0,  1358434,  0,  0,  459893,  4888804,
0,  0,  1357643,  0,  0,  458024,  4888804,
0,  0,  1356671,  0,  0,  462539,  4888804,
0,  0,  1352608,  0,  0,  461223,  4888804,
0,  0,  1363237,  0,  0,  461045,  4888804,
0,  0,  1370209,  0,  0,  479649,  4888804,
0,  0,  1372042,  0,  0,  490957,  4888804,
0,  0,  1457366,  0,  0,  474931,  4888804,
0,  0,  1484482,  0,  0,  508619,  4888804,
0,  0,  2012077,  0,  0,  812758,  10471961,
0,  0,  1991578,  0,  0,  811383,  10402713,
0,  0,  2007466,  0,  0,  840484,  10495653,
0,  0,  1937564,  0,  0,  757512,  10495653,
0,  0,  1956975,  0,  0,  786689,  10495653,
0,  0,  1948533,  0,  0,  753403,  10495653,
0,  0,  2037441,  0,  0,  786758,  10495653,
0,  0,  1988837,  0,  0,  832020,  10495653,
0,  0,  1986283,  0,  0,  812455,  10495653,
0,  0,  1990057,  0,  0,  815208,  10495653,
0,  0,  1978960,  0,  0,  821630,  10495653,
0,  0,  1948573,  0,  0,  806902,  10495653,
0,  0,  1934134,  0,  0,  759971,  10495653,
0,  0,  1987004,  0,  0,  751511,  10495653,
0,  0,  1968857,  0,  0,  749604,  10495653,
0,  0,  1956207,  0,  0,  743950,  10495653,
0,  0,  1935075,  0,  0,  755074,  10495653,
0,  0,  1914051,  0,  0,  747271,  10495653,
0,  0,  1937174,  0,  0,  743853,  10495653,
0,  0,  1992077,  0,  0,  814423,  10495653,
0,  0,  2812856,  0,  0,  1421145,  16929693,
0,  0,  2786076,  0,  0,  1346833,  17973216,
0,  0,  2916629,  0,  0,  1638287,  18161534,
0,  0,  2752965,  0,  0,  1370530,  18161534,
0,  0,  2772781,  0,  0,  1323240,  18161534,
0,  0,  2712563,  0,  0,  1277872,  18161534,
0,  0,  2705011,  0,  0,  1302496,  18161534,
0,  0,  2687226,  0,  0,  1270516,  18161534,
0,  0,  2674901,  0,  0,  1305806,  18161534,
0,  0,  2692128,  0,  0,  1328497,  18161534,
0,  0,  2683829,  0,  0,  1291518,  18161534,
0,  0,  2705099,  0,  0,  1309187,  18161534,
0,  0,  2709087,  0,  0,  1303467,  18161534,
0,  0,  2731509,  0,  0,  1320080,  18161534,
0,  0,  2703610,  0,  0,  1276885,  18161534,
0,  0,  2767196,  0,  0,  1387986,  18161534,
0,  0,  2795280,  0,  0,  1381314,  18161534,
0,  0,  2792141,  0,  0,  1381394,  18161534,
0,  0,  2722640,  0,  0,  1398237,  18161534,
0,  0,  2731244,  0,  0,  1263745,  18161534,
0,  0,  3774018,  0,  0,  2053368,  27445793,
0,  0,  3562479,  0,  0,  2273805,  29456771,
0,  0,  3620734,  0,  0,  1872046,  27206439,
0,  0,  3640971,  0,  0,  1996331,  27206439,
0,  0,  3657120,  0,  0,  1971941,  27206439,
0,  0,  3716978,  0,  0,  2035193,  27206439,
0,  0,  3707680,  0,  0,  2086132,  27206439,
0,  0,  3599909,  0,  0,  2032616,  27206439,
0,  0,  3518937,  0,  0,  1872138,  27206439,
0,  0,  3514554,  0,  0,  1855468,  27206439,
0,  0,  3547267,  0,  0,  1888203,  27206439,
0,  0,  3530005,  0,  0,  1875277,  27206439,
0,  0,  3521055,  0,  0,  1876153,  27206439,
0,  0,  3523863,  0,  0,  1908362,  27206439,
0,  0,  3625211,  0,  0,  1953991,  27206439,
0,  0,  3621459,  0,  0,  1985310,  27206439,
0,  0,  3633725,  0,  0,  1907949,  27206439,
0,  0,  3783126,  0,  0,  1994624,  27206439,
0,  0,  3899283,  0,  0,  2337500,  27206439,
0,  0,  3514491,  0,  0,  1894585,  27206439,
0,  0,  4661119,  0,  0,  2687090,  36662377,
0,  0,  4564944,  0,  0,  2636886,  36816802,
0,  0,  4595075,  0,  0,  2616987,  36573331,
0,  0,  4567498,  0,  0,  2677540,  36573331,
0,  0,  4556637,  0,  0,  2627565,  36573331,
0,  0,  4868131,  0,  0,  2685465,  36573331,
0,  0,  4593685,  0,  0,  2644689,  36573331,
0,  0,  4561121,  0,  0,  2689306,  36573331,
0,  0,  4560116,  0,  0,  2671503,  36573331,
0,  0,  4573459,  0,  0,  2659836,  36573331,
0,  0,  4553223,  0,  0,  2586819,  36573331,
0,  0,  4566511,  0,  0,  2647407,  36573331,
0,  0,  4590888,  0,  0,  2593314,  36573331,
0,  0,  4700041,  0,  0,  2733999,  36573331,
0,  0,  4551145,  0,  0,  2633142,  36573331,
0,  0,  4582010,  0,  0,  2694950,  36573331,
0,  0,  4553219,  0,  0,  2673955,  36573331,
0,  0,  4583268,  0,  0,  2672694,  36573331,
0,  0,  4742920,  0,  0,  2753716,  36573331,
0,  0,  4785719,  0,  0,  2887485,  36573331,
0,  0,  5732245,  0,  0,  3418825,  55789068,
0,  0,  5653979,  0,  0,  3477016,  55011935,
0,  0,  5638294,  0,  0,  3212372,  55593543,
0,  0,  5630798,  0,  0,  3331050,  55593543,
0,  0,  5906447,  0,  0,  3318896,  55593543,
0,  0,  5787510,  0,  0,  3389179,  55593543,
0,  0,  5618325,  0,  0,  3208331,  55593543,
0,  0,  5639400,  0,  0,  3208477,  55593543,
0,  0,  6031478,  0,  0,  3199922,  55593543,
0,  0,  6265924,  0,  0,  3969517,  55593543,
0,  0,  6138261,  0,  0,  3948651,  55593543,
0,  0,  5646952,  0,  0,  3449491,  55593543,
0,  0,  5642734,  0,  0,  3237180,  55593543,
0,  0,  5628407,  0,  0,  3250889,  55593543,
0,  0,  5627650,  0,  0,  3242417,  55593543,
0,  0,  5959991,  0,  0,  3219506,  55593543,
0,  0,  6167981,  0,  0,  3993937,  55593543,
0,  0,  6126907,  0,  0,  3968464,  55593543,
0,  0,  6045090,  0,  0,  3429769,  55593543,
0,  0,  6302376,  0,  0,  3669548,  55593543,
0,  0,  7777275,  0,  0,  4596851,  78150160,
0,  0,  6998262,  0,  0,  4018982,  71879042,
0,  0,  6935871,  0,  0,  4120037,  71453330,
0,  0,  6949922,  0,  0,  4115930,  71453330,
0,  0,  7060494,  0,  0,  4236157,  71453330,
0,  0,  7330565,  0,  0,  4107721,  71453330,
0,  0,  6980171,  0,  0,  4275438,  71453330,
0,  0,  6927825,  0,  0,  4092868,  71453330,
0,  0,  6946415,  0,  0,  4066239,  71453330,
0,  0,  6896216,  0,  0,  4131254,  71453330,
0,  0,  7014685,  0,  0,  4444950,  71453330,
0,  0,  6957953,  0,  0,  4049929,  71453330,
0,  0,  6901588,  0,  0,  4058357,  71453330,
0,  0,  6987484,  0,  0,  4156964,  71453330,
0,  0,  7045156,  0,  0,  4211889,  71453330,
0,  0,  7067659,  0,  0,  4071822,  71453330,
0,  0,  7074523,  0,  0,  4313801,  71453330,
0,  0,  7079356,  0,  0,  4312225,  71453330,
0,  0,  7159119,  0,  0,  4252954,  71453330,
0,  0,  7189003,  0,  0,  4260544,  71453330,
Description: Results from the BQRRP speed comparison benchmark, recording the time it takes to perform BQRRP and alternative QR and QRCP factorizations.
File format: 7 columns, containing time for each algorithm: BQRRP+CholQR, BQRRP+QRF, HQRRP, HQRRP+QRF, HQRRP+CholQR, QRF, QP3;               rows correspond to BQRRP runs with mat sizes varying with powers of 2, with numruns repititions of each mat size.
Num OMP threads:64
Input type:2
Input size: dim start: 1000, 2000, 3000, 4000, 5000, 6000, 7000, 8000, 9000, 10000, 
Additional parameters: BQRRP block size: 128 num runs per size 20 BQRRP d factor: 1.000000
0,  0,  269817,  0,  0,  102472,  68401,
0,  0,  264638,  0,  0,  98790,  67257,
0,  0,  251798,  0,  0,  96117,  68783,
0,  0,  254329,  0,  0,  98107,  68783,
0,  0,  220752,  0,  0,  96247,  68783,
0,  0,  218038,  0,  0,  81425,  68783,
0,  0,  218829,  0,  0,  81414,  68783,
0,  0,  221961,  0,  0,  80661,  68783,
0,  0,  218810,  0,  0,  81227,  68783,
0,  0,  217663,  0,  0,  83191,  68783,
0,  0,  217768,  0,  0,  82734,  68783,
0,  0,  217123,  0,  0,  82240,  68783,
0,  0,  215118,  0,  0,  84711,  68783,
0,  0,  213924,  0,  0,  80827,  68783,
0,  0,  217022,  0,  0,  80581,  68783,
0,  0,  235107,  0,  0,  80164,  68783,
0,  0,  215486,  0,  0,  80874,  68783,
0,  0,  215647,  0,  0,  80738,  68783,
0,  0,  213890,  0,  0,  79204,  68783,
0,  0,  216464,  0,  0,  80295,  68783,
0,  0,  725058,  0,  0,  429663,  615505,
0,  0,  690631,  0,  0,  420128,  603089,
0,  0,  681558,  0,  0,  430193,  603461,
0,  0,  692452,  0,  0,  426425,  603461,
0,  0,  669935,  0,  0,  431641,  603461,
0,  0,  704983,  0,  0,  429533,  603461,
0,  0,  690605,  0,  0,  451324,  603461,
0,  0,  754881,  0,  0,  428287,  603461,
0,  0,  757404,  0,  0,  478363,  603461,
0,  0,  705203,  0,  0,  430035,  603461,
0,  0,  758663,  0,  0,  423078,  603461,
0,  0,  705136,  0,  0,  435323,  603461,
0,  0,  697051,  0,  0,  422372,  603461,
0,  0,  697344,  0,  0,  428500,  603461,
0,  0,  680172,  0,  0,  427599,  603461,
0,  0,  703949,  0,  0,  427364,  603461,
0,  0,  692204,  0,  0,  422398,  603461,
0,  0,  703487,  0,  0,  430233,  603461,
0,  0,  728625,  0,  0,  422141,  603461,
0,  0,  694712,  0,  0,  429862,  603461,
0,  0,  1292324,  0,  0,  810430,  2379126,
0,  0,  1263008,  0,  0,  801724,  2391427,
0,  0,  1258525,  0,  0,  812763,  2397945,
0,  0,  1285983,  0,  0,  804386,  2397945,
0,  0,  1280076,  0,  0,  819639,  2397945,
0,  0,  1245762,  0,  0,  805056,  2397945,
0,  0,  1266541,  0,  0,  810577,  2397945,
0,  0,  1248540,  0,  0,  805187,  2397945,
0,  0,  1322571,  0,  0,  799674,  2397945,
0,  0,  1289853,  0,  0,  799655,  2397945,
0,  0,  1284026,  0,  0,  805385,  2397945,
0,  0,  1308283,  0,  0,  813777,  2397945,
0,  0,  1270678,  0,  0,  817398,  2397945,
0,  0,  1239518,  0,  0,  814238,  2397945,
0,  0,  1239246,  0,  0,  811275,  2397945,
0,  0,  1236872,  0,  0,  815539,  2397945,
0,  0,  1244886,  0,  0,  805365,  2397945,
0,  0,  1302749,  0,  0,  808594,  2397945,
0,  0,  1263031,  0,  0,  797953,  2397945,
0,  0,  1291008,  0,  0,  789221,  2397945,
0,  0,  1952253,  0,  0,  1211459,  4825102,
0,  0,  1941320,  0,  0,  1207547,  4831984,
0,  0,  1907495,  0,  0,  1228861,  4838404,
0,  0,  1957862,  0,  0,  1230478,  4838404,
0,  0,  1923879,  0,  0,  1201466,  4838404,
0,  0,  1961203,  0,  0,  1199034,  4838404,
0,  0,  1929965,  0,  0,  1233821,  4838404,
0,  0,  1913478,  0,  0,  1219515,  4838404,
0,  0,  1939260,  0,  0,  1208432,  4838404,
0,  0,  2330870,  0,  0,  1207920,  4838404,
0,  0,  1952725,  0,  0,  1253068,  4838404,
0,  0,  1917791,  0,  0,  1246798,  4838404,
0,  0,  1987735,  0,  0,  1215468,  4838404,
0,  0,  1978639,  0,  0,  1213101,  4838404,
0,  0,  1986011,  0,  0,  1248107,  4838404,
0,  0,  1926500,  0,  0,  1246394,  4838404,
0,  0,  2004121,  0,  0,  1261893,  4838404,
0,  0,  1932615,  0,  0,  1222221,  4838404,
0,  0,  1908002,  0,  0,  1238658,  4838404,
0,  0,  1932275,  0,  0,  1227371,  4838404,
0,  0,  2624254,  0,  0,  1807244,  10649647,
0,  0,  2769662,  0,  0,  1661828,  10378472,
0,  0,  2684683,  0,  0,  1746081,  10343981,
0,  0,  2587265,  0,  0,  1814245,  10343981,
0,  0,  2621781,  0,  0,  1800826,  10343981,
0,  0,  2613685,  0,  0,  1809486,  10343981,
0,  0,  3014312,  0,  0,  1811053,  10343981,
0,  0,  2614687,  0,  0,  1809237,  10343981,
0,  0,  2667078,  0,  0,  1809627,  10343981,
0,  0,  2651802,  0,  0,  1772701,  10343981,
0,  0,  2623448,  0,  0,  1763685,  10343981,
0,  0,  2638148,  0,  0,  1780294,  10343981,
0,  0,  2674509,  0,  0,  1805390,  10343981,
0,  0,  2644657,  0,  0,  1791106,  10343981,
0,  0,  2632859,  0,  0,  1831659,  10343981,
0,  0,  2620122,  0,  0,  1810695,  10343981,
0,  0,  2589221,  0,  0,  1819240,  10343981,
0,  0,  2625295,  0,  0,  1790103,  10343981,
0,  0,  2680630,  0,  0,  1841279,  10343981,
0,  0,  2638535,  0,  0,  1803477,  10343981,
0,  0,  3601415,  0,  0,  2645306,  17309202,
0,  0,  3552017,  0,  0,  2603398,  17187078,
0,  0,  3576840,  0,  0,  2587980,  19921823,
0,  0,  3491401,  0,  0,  2604941,  19921823,
0,  0,  3494691,  0,  0,  2652832,  19921823,
0,  0,  3583849,  0,  0,  2643950,  19921823,
0,  0,  3530895,  0,  0,  2622612,  19921823,
0,  0,  3508960,  0,  0,  2541674,  19921823,
0,  0,  3476904,  0,  0,  2619930,  19921823,
0,  0,  3520503,  0,  0,  2564169,  19921823,
0,  0,  3496284,  0,  0,  2651381,  19921823,
0,  0,  3511458,  0,  0,  2601037,  19921823,
0,  0,  3556014,  0,  0,  2631099,  19921823,
0,  0,  3498428,  0,  0,  2624420,  19921823,
0,  0,  3551371,  0,  0,  2614883,  19921823,
0,  0,  3513918,  0,  0,  2617672,  19921823,
0,  0,  3563431,  0,  0,  2641395,  19921823,
0,  0,  3505249,  0,  0,  2660632,  19921823,
0,  0,  3586164,  0,  0,  2655178,  19921823,
0,  0,  3536454,  0,  0,  2608043,  19921823,
0,  0,  4475777,  0,  0,  3478832,  26693808,
0,  0,  4434058,  0,  0,  3473806,  26680205,
0,  0,  4452368,  0,  0,  3442096,  26833066,
0,  0,  4611182,  0,  0,  3479474,  26833066,
0,  0,  4542469,  0,  0,  3478755,  26833066,
0,  0,  4525432,  0,  0,  3458386,  26833066,
0,  0,  4408412,  0,  0,  3514468,  26833066,
0,  0,  4580119,  0,  0,  3495267,  26833066,
0,  0,  4481097,  0,  0,  3335420,  26833066,
0,  0,  4520960,  0,  0,  3480605,  26833066,
0,  0,  4531329,  0,  0,  3525249,  26833066,
0,  0,  4513852,  0,  0,  3514959,  26833066,
0,  0,  4536698,  0,  0,  3492647,  26833066,
0,  0,  4509550,  0,  0,  3480822,  26833066,
0,  0,  4543942,  0,  0,  3519829,  26833066,
0,  0,  4490395,  0,  0,  3495222,  26833066,
0,  0,  4505238,  0,  0,  3478738,  26833066,
0,  0,  4454917,  0,  0,  3481286,  26833066,
0,  0,  4468241,  0,  0,  3440420,  26833066,
0,  0,  4659990,  0,  0,  3670501,  26833066,
0,  0,  5663694,  0,  0,  4529218,  37635696,
0,  0,  5657218,  0,  0,  4464873,  37620005,
0,  0,  5684498,  0,  0,  4453327,  37376802,
0,  0,  5704465,  0,  0,  4468836,  37376802,
0,  0,  5677095,  0,  0,  4528829,  37376802,
0,  0,  5676983,  0,  0,  4473111,  37376802,
0,  0,  5762315,  0,  0,  4682520,  37376802,
0,  0,  5673786,  0,  0,  4476356,  37376802,
0,  0,  5656678,  0,  0,  4425276,  37376802,
0,  0,  5598319,  0,  0,  4474426,  37376802,
0,  0,  5716840,  0,  0,  4525715,  37376802,
0,  0,  5602426,  0,  0,  4523595,  37376802,
0,  0,  5658247,  0,  0,  4480385,  37376802,
0,  0,  5809700,  0,  0,  4542968,  37376802,
0,  0,  5679920,  0,  0,  4549409,  37376802,
0,  0,  5651863,  0,  0,  4471569,  37376802,
0,  0,  5668686,  0,  0,  4449669,  37376802,
0,  0,  5632653,  0,  0,  4485416,  37376802,
0,  0,  5686944,  0,  0,  4466043,  37376802,
0,  0,  5652423,  0,  0,  4596490,  37376802,
0,  0,  6898211,  0,  0,  5283536,  56371992,
0,  0,  6799862,  0,  0,  5304116,  56310257,
0,  0,  6854031,  0,  0,  5420890,  56266651,
0,  0,  7134351,  0,  0,  5228939,  56266651,
0,  0,  6889935,  0,  0,  5397578,  56266651,
0,  0,  6836308,  0,  0,  5252980,  56266651,
0,  0,  6781634,  0,  0,  5223051,  56266651,
0,  0,  6911134,  0,  0,  5193857,  56266651,
0,  0,  6871599,  0,  0,  5343198,  56266651,
0,  0,  6891264,  0,  0,  5206631,  56266651,
0,  0,  6963618,  0,  0,  5271139,  56266651,
0,  0,  6727622,  0,  0,  5338700,  56266651,
0,  0,  6857897,  0,  0,  5212025,  56266651,
0,  0,  6836870,  0,  0,  5360510,  56266651,
0,  0,  7314190,  0,  0,  5327185,  56266651,
0,  0,  7095095,  0,  0,  5350550,  56266651,
0,  0,  7171832,  0,  0,  6118910,  56266651,
0,  0,  6806711,  0,  0,  5298367,  56266651,
0,  0,  6789850,  0,  0,  5236049,  56266651,
0,  0,  6768579,  0,  0,  5234591,  56266651,
0,  0,  8165080,  0,  0,  6267233,  73191468,
0,  0,  8588005,  0,  0,  6260797,  73601914,
0,  0,  8108179,  0,  0,  6266345,  73124832,
0,  0,  8079980,  0,  0,  6494784,  73124832,
0,  0,  8173897,  0,  0,  6228418,  73124832,
0,  0,  8184137,  0,  0,  6237041,  73124832,
0,  0,  8247233,  0,  0,  6436044,  73124832,
0,  0,  9136809,  0,  0,  6734383,  73124832,
0,  0,  8208917,  0,  0,  6313235,  73124832,
0,  0,  8204685,  0,  0,  6210570,  73124832,
0,  0,  8656361,  0,  0,  6260471,  73124832,
0,  0,  8176382,  0,  0,  6563341,  73124832,
0,  0,  8191743,  0,  0,  6382863,  73124832,
0,  0,  8291841,  0,  0,  6201708,  73124832,
0,  0,  8127263,  0,  0,  6273498,  73124832,
0,  0,  8230749,  0,  0,  6416149,  73124832,
0,  0,  8174912,  0,  0,  6388797,  73124832,
0,  0,  8262324,  0,  0,  6290144,  73124832,
0,  0,  8187951,  0,  0,  6322735,  73124832,
0,  0,  8206632,  0,  0,  6221455,  73124832,
Description: Results from the BQRRP speed comparison benchmark, recording the time it takes to perform BQRRP and alternative QR and QRCP factorizations.
File format: 7 columns, containing time for each algorithm: BQRRP+CholQR, BQRRP+QRF, HQRRP, HQRRP+QRF, HQRRP+CholQR, QRF, QP3;               rows correspond to BQRRP runs with mat sizes varying with powers of 2, with numruns repititions of each mat size.
Num OMP threads:128
Input type:2
Input size: dim start: 1000, 2000, 3000, 4000, 5000, 6000, 7000, 8000, 9000, 10000, 
Additional parameters: BQRRP block size: 128 num runs per size 20 BQRRP d factor: 1.000000
0,  0,  248500,  0,  0,  231367,  68652,
0,  0,  238971,  0,  0,  96972,  69298,
0,  0,  241425,  0,  0,  98616,  67764,
0,  0,  238547,  0,  0,  97270,  67764,
0,  0,  229108,  0,  0,  97015,  67764,
0,  0,  239258,  0,  0,  91945,  67764,
0,  0,  239842,  0,  0,  91436,  67764,
0,  0,  238520,  0,  0,  92676,  67764,
0,  0,  208760,  0,  0,  83824,  67764,
0,  0,  207595,  0,  0,  82555,  67764,
0,  0,  212447,  0,  0,  84753,  67764,
0,  0,  212653,  0,  0,  84630,  67764,
0,  0,  213344,  0,  0,  84550,  67764,
0,  0,  211366,  0,  0,  86258,  67764,
0,  0,  211422,  0,  0,  85302,  67764,
0,  0,  211772,  0,  0,  87258,  67764,
0,  0,  208502,  0,  0,  82580,  67764,
0,  0,  214668,  0,  0,  84899,  67764,
0,  0,  206271,  0,  0,  82231,  67764,
0,  0,  205770,  0,  0,  82587,  67764,
0,  0,  872088,  0,  0,  360425,  592342,
0,  0,  923764,  0,  0,  370399,  679491,
0,  0,  842301,  0,  0,  375533,  604425,
0,  0,  888853,  0,  0,  368962,  604425,
0,  0,  836601,  0,  0,  366510,  604425,
0,  0,  833197,  0,  0,  365641,  604425,
0,  0,  826692,  0,  0,  367130,  604425,
0,  0,  820260,  0,  0,  376131,  604425,
0,  0,  827368,  0,  0,  365488,  604425,
0,  0,  830004,  0,  0,  367992,  604425,
0,  0,  839361,  0,  0,  371876,  604425,
0,  0,  835248,  0,  0,  361721,  604425,
0,  0,  851117,  0,  0,  376230,  604425,
0,  0,  832129,  0,  0,  379776,  604425,
0,  0,  844838,  0,  0,  375241,  604425,
0,  0,  834840,  0,  0,  372262,  604425,
0,  0,  906829,  0,  0,  371310,  604425,
0,  0,  865810,  0,  0,  379380,  604425,
0,  0,  998862,  0,  0,  370982,  604425,
0,  0,  856695,  0,  0,  390225,  604425,
0,  0,  1639509,  0,  0,  670772,  2591759,
0,  0,  1576444,  0,  0,  676177,  2439636,
0,  0,  1601665,  0,  0,  667903,  2354311,
0,  0,  1607518,  0,  0,  657602,  2354311,
0,  0,  1559540,  0,  0,  672206,  2354311,
0,  0,  1587907,  0,  0,  670182,  2354311,
0,  0,  1604784,  0,  0,  675887,  2354311,
0,  0,  1581256,  0,  0,  676314,  2354311,
0,  0,  1600526,  0,  0,  671303,  2354311,
0,  0,  1619486,  0,  0,  668018,  2354311,
0,  0,  1627022,  0,  0,  661567,  2354311,
0,  0,  1640113,  0,  0,  662181,  2354311,
0,  0,  1611111,  0,  0,  653039,  2354311,
0,  0,  1622657,  0,  0,  666399,  2354311,
0,  0,  1592518,  0,  0,  672860,  2354311,
0,  0,  1601458,  0,  0,  656496,  2354311,
0,  0,  1590703,  0,  0,  655296,  2354311,
0,  0,  1657754,  0,  0,  670225,  2354311,
0,  0,  1594415,  0,  0,  659820,  2354311,
0,  0,  1631553,  0,  0,  660721,  2354311,
0,  0,  2421673,  0,  0,  1020339,  5005518,
0,  0,  2437671,  0,  0,  1034926,  6111277,
0,  0,  2486389,  0,  0,  1075424,  5354236,
0,  0,  2447766,  0,  0,  1051621,  5354236,
0,  0,  2409210,  0,  0,  1035552,  5354236,
0,  0,  2482696,  0,  0,  1065542,  5354236,
0,  0,  2498801,  0,  0,  1053359,  5354236,
0,  0,  2489683,  0,  0,  1080301,  5354236,
0,  0,  2572593,  0,  0,  1050525,  5354236,
0,  0,  2526769,  0,  0,  1047245,  5354236,
0,  0,  2429058,  0,  0,  1064810,  5354236,
0,  0,  2424057,  0,  0,  1058136,  5354236,
0,  0,  2484864,  0,  0,  1065540,  5354236,
0,  0,  2471648,  0,  0,  1067525,  5354236,
0,  0,  2475824,  0,  0,  1043863,  5354236,
0,  0,  2547977,  0,  0,  1053033,  5354236,
0,  0,  2624653,  0,  0,  1065811,  5354236,
0,  0,  2458964,  0,  0,  1063549,  5354236,
0,  0,  2456658,  0,  0,  1035902,  5354236,
0,  0,  2439784,  0,  0,  1064044,  5354236,
0,  0,  3667753,  0,  0,  1579770,  10283231,
0,  0,  3353943,  0,  0,  1541050,  10348065,
0,  0,  3403981,  0,  0,  1546794,  10327394,
0,  0,  3402411,  0,  0,  1582511,  10327394,
0,  0,  3426476,  0,  0,  1547275,  10327394,
0,  0,  3616671,  0,  0,  1747225,  10327394,
0,  0,  3772911,  0,  0,  1735967,  10327394,
0,  0,  3570768,  0,  0,  1712423,  10327394,
0,  0,  3367019,  0,  0,  1563692,  10327394,
0,  0,  3401655,  0,  0,  1547992,  10327394,
0,  0,  3458179,  0,  0,  1527882,  10327394,
0,  0,  3393843,  0,  0,  1573495,  10327394,
0,  0,  3547405,  0,  0,  1564742,  10327394,
0,  0,  3562409,  0,  0,  1584852,  10327394,
0,  0,  3752338,  0,  0,  1763649,  10327394,
0,  0,  3456604,  0,  0,  1729383,  10327394,
0,  0,  3466781,  0,  0,  1651672,  10327394,
0,  0,  3379451,  0,  0,  1583602,  10327394,
0,  0,  3496642,  0,  0,  1583140,  10327394,
0,  0,  3401138,  0,  0,  1529158,  10327394,
0,  0,  4847456,  0,  0,  4497738,  18709313,
0,  0,  4741301,  0,  0,  4711459,  19365725,
0,  0,  4907726,  0,  0,  4446798,  18817412,
0,  0,  4791958,  0,  0,  4788795,  18817412,
0,  0,  4653040,  0,  0,  4653381,  18817412,
0,  0,  4899490,  0,  0,  4821638,  18817412,
0,  0,  4730079,  0,  0,  4906107,  18817412,
0,  0,  4821069,  0,  0,  4546525,  18817412,
0,  0,  4776305,  0,  0,  5031112,  18817412,
0,  0,  4973636,  0,  0,  4955389,  18817412,
0,  0,  4981104,  0,  0,  4920249,  18817412,
0,  0,  5028052,  0,  0,  4994053,  18817412,
0,  0,  4817041,  0,  0,  4511692,  18817412,
0,  0,  5014730,  0,  0,  4995953,  18817412,
0,  0,  4827664,  0,  0,  4460288,  18817412,
0,  0,  4899834,  0,  0,  4491522,  18817412,
0,  0,  4926834,  0,  0,  4455302,  18817412,
0,  0,  4904600,  0,  0,  4793373,  18817412,
0,  0,  4839665,  0,  0,  4938864,  18817412,
0,  0,  4796683,  0,  0,  5074381,  18817412,
0,  0,  6391240,  0,  0,  8020357,  31798192,
0,  0,  6487692,  0,  0,  7255715,  31318129,
0,  0,  6524263,  0,  0,  8085768,  30582297,
0,  0,  6498033,  0,  0,  7989249,  30582297,
0,  0,  6257489,  0,  0,  8167480,  30582297,
0,  0,  6326981,  0,  0,  8066717,  30582297,
0,  0,  6231896,  0,  0,  7642249,  30582297,
0,  0,  6258102,  0,  0,  7808180,  30582297,
0,  0,  6352245,  0,  0,  8278643,  30582297,
0,  0,  6551969,  0,  0,  8103543,  30582297,
0,  0,  6502537,  0,  0,  8007260,  30582297,
0,  0,  6328756,  0,  0,  7709143,  30582297,
0,  0,  6175791,  0,  0,  8136152,  30582297,
0,  0,  6324616,  0,  0,  8180431,  30582297,
0,  0,  6511444,  0,  0,  7731721,  30582297,
0,  0,  6452980,  0,  0,  8109179,  30582297,
0,  0,  6404319,  0,  0,  8457368,  30582297,
0,  0,  6313261,  0,  0,  7565871,  30582297,
0,  0,  6262419,  0,  0,  8232325,  30582297,
0,  0,  6510087,  0,  0,  7370346,  30582297,
0,  0,  8008829,  0,  0,  11699459,  42597083,
0,  0,  8218673,  0,  0,  10695817,  43499554,
0,  0,  8287604,  0,  0,  11065637,  42982245,
0,  0,  8084343,  0,  0,  10753936,  42982245,
0,  0,  7868179,  0,  0,  11511707,  42982245,
0,  0,  8015455,  0,  0,  11859357,  42982245,
0,  0,  8117443,  0,  0,  11106752,  42982245,
0,  0,  7929070,  0,  0,  11321092,  42982245,
0,  0,  8194699,  0,  0,  10985150,  42982245,
0,  0,  8145116,  0,  0,  11306676,  42982245,
0,  0,  8312161,  0,  0,  11551258,  42982245,
0,  0,  7873008,  0,  0,  11077150,  42982245,
0,  0,  8012100,  0,  0,  10956114,  42982245,
0,  0,  7996681,  0,  0,  11403642,  42982245,
0,  0,  7842991,  0,  0,  11236249,  42982245,
0,  0,  8221921,  0,  0,  10964426,  42982245,
0,  0,  8075226,  0,  0,  10862623,  42982245,
0,  0,  7855984,  0,  0,  11141608,  42982245,
0,  0,  8069094,  0,  0,  11254981,  42982245,
0,  0,  8709697,  0,  0,  11552526,  42982245,
0,  0,  9851243,  0,  0,  15813258,  66159568,
0,  0,  10127954,  0,  0,  14659925,  65415986,
0,  0,  9901789,  0,  0,  14869327,  65047566,
0,  0,  9663868,  0,  0,  14384241,  65047566,
0,  0,  9453815,  0,  0,  15124452,  65047566,
0,  0,  9496546,  0,  0,  14717279,  65047566,
0,  0,  10112831,  0,  0,  14387656,  65047566,
0,  0,  9728068,  0,  0,  15428083,  65047566,
0,  0,  9735081,  0,  0,  14904756,  65047566,
0,  0,  9993347,  0,  0,  14480366,  65047566,
0,  0,  9769916,  0,  0,  14949798,  65047566,
0,  0,  10185291,  0,  0,  15146422,  65047566,
0,  0,  10157030,  0,  0,  15128783,  65047566,
0,  0,  10034748,  0,  0,  14626140,  65047566,
0,  0,  9823922,  0,  0,  15051629,  65047566,
0,  0,  9513026,  0,  0,  15220263,  65047566,
0,  0,  9986495,  0,  0,  14917821,  65047566,
0,  0,  9910620,  0,  0,  15141740,  65047566,
0,  0,  10243536,  0,  0,  15366814,  65047566,
0,  0,  10077333,  0,  0,  14584994,  65047566,
0,  0,  11912698,  0,  0,  16486162,  82741946,
0,  0,  11568774,  0,  0,  18219589,  83007150,
0,  0,  11462534,  0,  0,  18280527,  84451763,
0,  0,  11181147,  0,  0,  17460592,  84451763,
0,  0,  11905384,  0,  0,  17329685,  84451763,
0,  0,  11207663,  0,  0,  17283658,  84451763,
0,  0,  12555141,  0,  0,  18020435,  84451763,
0,  0,  11595446,  0,  0,  16591002,  84451763,
0,  0,  11536265,  0,  0,  18796936,  84451763,
0,  0,  11450871,  0,  0,  17190795,  84451763,
0,  0,  11608581,  0,  0,  18126041,  84451763,
0,  0,  11818387,  0,  0,  18158364,  84451763,
0,  0,  11810858,  0,  0,  16956178,  84451763,
0,  0,  11526633,  0,  0,  17409556,  84451763,
0,  0,  11784566,  0,  0,  18261454,  84451763,
0,  0,  11267328,  0,  0,  18129597,  84451763,
0,  0,  11412907,  0,  0,  17149544,  84451763,
0,  0,  11684600,  0,  0,  16204051,  84451763,
0,  0,  11701496,  0,  0,  19214576,  84451763,
0,  0,  11460750,  0,  0,  16978148,  84451763,
Description: Results from the BQRRP speed comparison benchmark, recording the time it takes to perform BQRRP and alternative QR and QRCP factorizations.
File format: 7 columns, containing time for each algorithm: BQRRP+CholQR, BQRRP+QRF, HQRRP, HQRRP+QRF, HQRRP+CholQR, QRF, QP3;               rows correspond to BQRRP runs with mat sizes varying with powers of 2, with numruns repititions of each mat size.
Num OMP threads:224
Input type:2
Input size: dim start: 1000, 2000, 3000, 4000, 5000, 6000, 7000, 8000, 9000, 10000, 
Additional parameters: BQRRP block size: 128 num runs per size 20 BQRRP d factor: 1.000000
0,  0,  269526,  0,  0,  117667,  72209,
0,  0,  242261,  0,  0,  109840,  72416,
0,  0,  265394,  0,  0,  109949,  70975,
0,  0,  245465,  0,  0,  112415,  70975,
0,  0,  263867,  0,  0,  110833,  70975,
0,  0,  247078,  0,  0,  108518,  70975,
0,  0,  250556,  0,  0,  99026,  70975,
0,  0,  238035,  0,  0,  99692,  70975,
0,  0,  240738,  0,  0,  109141,  70975,
0,  0,  245802,  0,  0,  104284,  70975,
0,  0,  239670,  0,  0,  107171,  70975,
0,  0,  261350,  0,  0,  102278,  70975,
0,  0,  239075,  0,  0,  98903,  70975,
0,  0,  252124,  0,  0,  99312,  70975,
0,  0,  247428,  0,  0,  102436,  70975,
0,  0,  247585,  0,  0,  104413,  70975,
0,  0,  254232,  0,  0,  95381,  70975,
0,  0,  244664,  0,  0,  102945,  70975,
0,  0,  245032,  0,  0,  100778,  70975,
0,  0,  247434,  0,  0,  101296,  70975,
0,  0,  894545,  0,  0,  350695,  637532,
0,  0,  896045,  0,  0,  363837,  645570,
0,  0,  881699,  0,  0,  341255,  661555,
0,  0,  870431,  0,  0,  350124,  661555,
0,  0,  907379,  0,  0,  362553,  661555,
0,  0,  866400,  0,  0,  357920,  661555,
0,  0,  871286,  0,  0,  408001,  661555,
0,  0,  881794,  0,  0,  359151,  661555,
0,  0,  886845,  0,  0,  361514,  661555,
0,  0,  909351,  0,  0,  364940,  661555,
0,  0,  893970,  0,  0,  352201,  661555,
0,  0,  879742,  0,  0,  361856,  661555,
0,  0,  865679,  0,  0,  368207,  661555,
0,  0,  909416,  0,  0,  355532,  661555,
0,  0,  878159,  0,  0,  361264,  661555,
0,  0,  892849,  0,  0,  357156,  661555,
0,  0,  904782,  0,  0,  353473,  661555,
0,  0,  873244,  0,  0,  377289,  661555,
0,  0,  904668,  0,  0,  366338,  661555,
0,  0,  916411,  0,  0,  357086,  661555,
0,  0,  1780143,  0,  0,  718347,  2497223,
0,  0,  1651297,  0,  0,  622804,  2444764,
0,  0,  1631908,  0,  0,  619801,  2606565,
0,  0,  1666098,  0,  0,  641652,  2606565,
0,  0,  1641403,  0,  0,  654200,  2606565,
0,  0,  1659521,  0,  0,  653535,  2606565,
0,  0,  1719247,  0,  0,  660905,  2606565,
0,  0,  1620922,  0,  0,  660335,  2606565,
0,  0,  1641925,  0,  0,  649986,  2606565,
0,  0,  1664513,  0,  0,  646151,  2606565,
0,  0,  1639214,  0,  0,  651080,  2606565,
0,  0,  1685966,  0,  0,  640844,  2606565,
0,  0,  1645329,  0,  0,  658979,  2606565,
0,  0,  1663713,  0,  0,  644129,  2606565,
0,  0,  1636829,  0,  0,  636958,  2606565,
0,  0,  1633911,  0,  0,  633589,  2606565,
0,  0,  1677216,  0,  0,  641252,  2606565,
0,  0,  1679707,  0,  0,  639282,  2606565,
0,  0,  1619143,  0,  0,  652496,  2606565,
0,  0,  1633856,  0,  0,  640592,  2606565,
0,  0,  2513690,  0,  0,  1005005,  5077020,
0,  0,  2481014,  0,  0,  1000363,  5235066,
0,  0,  2521996,  0,  0,  978731,  5079408,
0,  0,  2542222,  0,  0,  993473,  5079408,
0,  0,  2746022,  0,  0,  1005891,  5079408,
0,  0,  2469904,  0,  0,  1015455,  5079408,
0,  0,  2576763,  0,  0,  1014170,  5079408,
0,  0,  2534671,  0,  0,  1000376,  5079408,
0,  0,  2620083,  0,  0,  1009423,  5079408,
0,  0,  2712466,  0,  0,  1117615,  5079408,
0,  0,  2557416,  0,  0,  1015004,  5079408,
0,  0,  2495855,  0,  0,  995980,  5079408,
0,  0,  2485463,  0,  0,  1015812,  5079408,
0,  0,  2559423,  0,  0,  1003545,  5079408,
0,  0,  2507510,  0,  0,  995921,  5079408,
0,  0,  2462466,  0,  0,  991605,  5079408,
0,  0,  2478820,  0,  0,  1007696,  5079408,
0,  0,  2636540,  0,  0,  1007636,  5079408,
0,  0,  2555158,  0,  0,  1012559,  5079408,
0,  0,  2514479,  0,  0,  1008846,  5079408,
0,  0,  3485012,  0,  0,  1467693,  10557422,
0,  0,  3439352,  0,  0,  1476654,  10294535,
0,  0,  3448929,  0,  0,  1485932,  10466397,
0,  0,  3497005,  0,  0,  1495309,  10466397,
0,  0,  3493260,  0,  0,  1446720,  10466397,
0,  0,  3457852,  0,  0,  1475942,  10466397,
0,  0,  3523869,  0,  0,  1488859,  10466397,
0,  0,  3509931,  0,  0,  1468347,  10466397,
0,  0,  3463409,  0,  0,  1472681,  10466397,
0,  0,  3680630,  0,  0,  1478660,  10466397,
0,  0,  3481500,  0,  0,  1451219,  10466397,
0,  0,  3543259,  0,  0,  1459283,  10466397,
0,  0,  3437607,  0,  0,  1486916,  10466397,
0,  0,  3500358,  0,  0,  1472433,  10466397,
0,  0,  3480598,  0,  0,  1460466,  10466397,
0,  0,  3469265,  0,  0,  1465153,  10466397,
0,  0,  3471534,  0,  0,  1452755,  10466397,
0,  0,  3516784,  0,  0,  1498414,  10466397,
0,  0,  3520177,  0,  0,  1483387,  10466397,
0,  0,  3513265,  0,  0,  1469397,  10466397,
0,  0,  6568681,  0,  0,  12247731,  24023716,
0,  0,  6222884,  0,  0,  11476313,  25146713,
0,  0,  6541799,  0,  0,  10824767,  25717977,
0,  0,  6192587,  0,  0,  11678666,  25717977,
0,  0,  6613819,  0,  0,  11326507,  25717977,
0,  0,  6575928,  0,  0,  12303894,  25717977,
0,  0,  6854560,  0,  0,  10542482,  25717977,
0,  0,  6750877,  0,  0,  10749198,  25717977,
0,  0,  6184035,  0,  0,  11112951,  25717977,
0,  0,  6363467,  0,  0,  11071315,  25717977,
0,  0,  6631996,  0,  0,  11264916,  25717977,
0,  0,  6265088,  0,  0,  11448072,  25717977,
0,  0,  6996779,  0,  0,  11890262,  25717977,
0,  0,  6529441,  0,  0,  11884088,  25717977,
0,  0,  6330437,  0,  0,  11237336,  25717977,
0,  0,  6191044,  0,  0,  10781529,  25717977,
0,  0,  6494818,  0,  0,  11340504,  25717977,
0,  0,  6557642,  0,  0,  11067027,  25717977,
0,  0,  6704798,  0,  0,  11118883,  25717977,
0,  0,  6665672,  0,  0,  11678208,  25717977,
0,  0,  9013153,  0,  0,  20711289,  42218325,
0,  0,  9031825,  0,  0,  21500890,  42745712,
0,  0,  9981022,  0,  0,  21840080,  42289085,
0,  0,  9617448,  0,  0,  21014938,  42289085,
0,  0,  9569895,  0,  0,  20650321,  42289085,
0,  0,  9563797,  0,  0,  20843397,  42289085,
0,  0,  9350534,  0,  0,  22702266,  42289085,
0,  0,  9202864,  0,  0,  21556624,  42289085,
0,  0,  9369048,  0,  0,  22224329,  42289085,
0,  0,  9923521,  0,  0,  20376398,  42289085,
0,  0,  9595441,  0,  0,  21677431,  42289085,
0,  0,  10371506,  0,  0,  21715229,  42289085,
0,  0,  9910053,  0,  0,  21624914,  42289085,
0,  0,  9520368,  0,  0,  20900967,  42289085,
0,  0,  9806830,  0,  0,  20734628,  42289085,
0,  0,  9532982,  0,  0,  21315820,  42289085,
0,  0,  9496812,  0,  0,  21232463,  42289085,
0,  0,  10010853,  0,  0,  20813786,  42289085,
0,  0,  9218993,  0,  0,  19937346,  42289085,
0,  0,  9102388,  0,  0,  22169071,  42289085,
0,  0,  13765325,  0,  0,  30767334,  62607838,
0,  0,  12744220,  0,  0,  31941633,  59532435,
0,  0,  12729814,  0,  0,  29826879,  60975499,
0,  0,  13806649,  0,  0,  30190890,  60975499,
0,  0,  13300676,  0,  0,  29967583,  60975499,
0,  0,  12878909,  0,  0,  32482439,  60975499,
0,  0,  12958344,  0,  0,  30335686,  60975499,
0,  0,  12998060,  0,  0,  29809916,  60975499,
0,  0,  12603621,  0,  0,  29747676,  60975499,
0,  0,  13772088,  0,  0,  31898533,  60975499,
0,  0,  12894686,  0,  0,  32106728,  60975499,
0,  0,  13003365,  0,  0,  30991052,  60975499,
0,  0,  12986582,  0,  0,  30775263,  60975499,
0,  0,  13242211,  0,  0,  30473249,  60975499,
0,  0,  12462542,  0,  0,  31732591,  60975499,
0,  0,  12220014,  0,  0,  28892206,  60975499,
0,  0,  13026827,  0,  0,  31779723,  60975499,
0,  0,  12427631,  0,  0,  30629211,  60975499,
0,  0,  12617878,  0,  0,  31801280,  60975499,
0,  0,  13152907,  0,  0,  30187009,  60975499,
0,  0,  16921941,  0,  0,  40727756,  84948551,
0,  0,  16350081,  0,  0,  42362498,  85841304,
0,  0,  17350777,  0,  0,  43172770,  86468691,
0,  0,  16273517,  0,  0,  41666933,  86468691,
0,  0,  16333037,  0,  0,  39961168,  86468691,
0,  0,  16133484,  0,  0,  40908350,  86468691,
0,  0,  16302268,  0,  0,  39795650,  86468691,
0,  0,  16768656,  0,  0,  37459819,  86468691,
0,  0,  16676049,  0,  0,  39689396,  86468691,
0,  0,  16840016,  0,  0,  40079047,  86468691,
0,  0,  16336767,  0,  0,  41474345,  86468691,
0,  0,  16829234,  0,  0,  40580401,  86468691,
0,  0,  16062064,  0,  0,  40806222,  86468691,
0,  0,  15788550,  0,  0,  41142372,  86468691,
0,  0,  16362731,  0,  0,  41355875,  86468691,
0,  0,  17433211,  0,  0,  41412110,  86468691,
0,  0,  16229644,  0,  0,  39532791,  86468691,
0,  0,  16030773,  0,  0,  41266120,  86468691,
0,  0,  16459401,  0,  0,  38639376,  86468691,
0,  0,  16291979,  0,  0,  40533429,  86468691,
0,  0,  20495927,  0,  0,  51519199,  116155525,
0,  0,  20176625,  0,  0,  49224471,  111762433,
0,  0,  20157679,  0,  0,  51716766,  110722899,
0,  0,  18538499,  0,  0,  50344725,  110722899,
0,  0,  19897430,  0,  0,  48993844,  110722899,
0,  0,  20115530,  0,  0,  49156881,  110722899,
0,  0,  20184215,  0,  0,  49757619,  110722899,
0,  0,  19051389,  0,  0,  50496944,  110722899,
0,  0,  19803088,  0,  0,  49988008,  110722899,
0,  0,  20472719,  0,  0,  50100163,  110722899,
0,  0,  19171274,  0,  0,  48856007,  110722899,
0,  0,  19375858,  0,  0,  48454366,  110722899,
0,  0,  19146693,  0,  0,  50364194,  110722899,
0,  0,  20059877,  0,  0,  50698861,  110722899,
0,  0,  19796315,  0,  0,  51216106,  110722899,
0,  0,  19736131,  0,  0,  48389459,  110722899,
0,  0,  19142939,  0,  0,  48702416,  110722899,
0,  0,  20559638,  0,  0,  50231630,  110722899,
0,  0,  19910727,  0,  0,  52265546,  110722899,
0,  0,  19983959,  0,  0,  49990016,  110722899,
