Description: Results from the BQRRP GPU runtime breakdown benchmark, recording the time it takes to perform every subroutine in BQRRP.
File format: 15 data columns, each corresponding to a given BQRRP subroutine: preallocation_t_dur, qrcp_main_t_dur, copy_A_sk_t_dur, qrcp_piv_t_dur, copy_A_t_dur, piv_A_t_dur, copy_J_t_dur, updating_J_t_dur, preconditioning_t_dur, qr_tall_t_dur, q_reconstruction_t_dur, apply_transq_t_dur, sample_update_t_dur, t_rest, total_t_dur               rows correspond to BQRRP runs with block sizes varying in a way unique for a particular run.
Num OMP threads:256
Input type:2
Input size:32000 by 32000
Additional parameters: Tall QR subroutine geqrf BQRRP block sizes: 50,100,150,200,250,300,350,400,450,500,550,600,650,700,750,800,850,900,950,1000,1000,1125,1250,1375,1500,1625,1750,1875,2000
34607, 3.3357e+06, 1286, 22985, 0, 1.06173e+07, 0, 7708, 54452, 787506, 502895, 4.98397e+06, 44860, 28163, 2.04215e+07, 
36005, 2.71567e+06, 645, 19898, 0, 5.31898e+06, 0, 3859, 54133, 322369, 731816, 3.45374e+06, 43105, 15229, 1.27155e+07, 
37942, 3.56632e+06, 446, 20452, 0, 3.56416e+06, 0, 2590, 56744, 343927, 1.1021e+06, 3.6376e+06, 47329, 14761, 1.23944e+07, 
35920, 3.10263e+06, 320, 18464, 0, 2.68202e+06, 0, 1931, 57128, 207103, 1.59187e+06, 3.37656e+06, 47165, 12571, 1.11337e+07, 
38090, 2.81318e+06, 257, 20719, 0, 2.14778e+06, 0, 1551, 60169, 241895, 2.11292e+06, 2.89214e+06, 45006, 11284, 1.0385e+07, 
37406, 2.24558e+06, 216, 19017, 0, 1.79858e+06, 0, 1288, 61498, 221663, 2.63366e+06, 3.13534e+06, 48955, 11630, 1.02148e+07, 
38622, 2.06431e+06, 190, 19931, 0, 1.54282e+06, 0, 1110, 64157, 204307, 3.16568e+06, 3.01566e+06, 51406, 10878, 1.01791e+07, 
38273, 1.64544e+06, 162, 18263, 0, 1.35796e+06, 0, 965, 60342, 184658, 3.70446e+06, 3.06903e+06, 54193, 11386, 1.01451e+07, 
38029, 1.65741e+06, 145, 19376, 0, 1.20842e+06, 0, 869, 70178, 209987, 4.23234e+06, 3.12282e+06, 59606, 10638, 1.06298e+07, 
36869, 1.6661e+06, 128, 19143, 0, 1.08734e+06, 0, 774, 69890, 198086, 4.76044e+06, 2.86852e+06, 58567, 10184, 1.0776e+07, 
36402, 1.43257e+06, 118, 19398, 0, 993721, 0, 723, 74464, 206568, 5.28477e+06, 3.00964e+06, 63131, 10418, 1.11319e+07, 
37911, 1.4403e+06, 109, 17944, 0, 915490, 0, 653, 71896, 202628, 5.80138e+06, 2.89805e+06, 66078, 10139, 1.14626e+07, 
38877, 1.22202e+06, 103, 19625, 0, 845445, 0, 604, 78077, 211102, 6.33562e+06, 3.04022e+06, 69844, 10462, 1.1872e+07, 
42449, 1.26041e+06, 93, 18499, 0, 784246, 0, 561, 75132, 203007, 6.84177e+06, 2.92204e+06, 69245, 9941, 1.22274e+07, 
39371, 1.29805e+06, 86, 19893, 0, 738937, 0, 527, 79036, 198412, 7.37638e+06, 2.87938e+06, 72519, 9782, 1.27124e+07, 
35343, 1.16094e+06, 80, 17733, 0, 696798, 0, 482, 74478, 192329, 7.91122e+06, 2.86486e+06, 75905, 9774, 1.30399e+07, 
35953, 1.19365e+06, 76, 19656, 0, 655030, 0, 458, 84239, 206148, 8.4247e+06, 2.93443e+06, 81245, 9684, 1.36453e+07, 
40795, 1.09248e+06, 72, 18301, 0, 615467, 0, 441, 84483, 220589, 8.92587e+06, 2.97359e+06, 84718, 9827, 1.40666e+07, 
36000, 1.10281e+06, 68, 19666, 0, 589127, 0, 413, 85534, 219045, 9.45356e+06, 2.91858e+06, 84786, 9600, 1.45192e+07, 
35816, 1.143e+06, 69, 18238, 0, 559241, 0, 390, 85407, 210572, 9.99244e+06, 2.83452e+06, 87410, 9352, 1.49765e+07, 
36081, 1.13919e+06, 64, 18297, 0, 556730, 0, 391, 85379, 170727, 1.00072e+07, 2.83524e+06, 87418, 9291, 1.4946e+07, 
36775, 1.10491e+06, 58, 20275, 0, 498677, 0, 358, 92277, 224500, 1.12515e+07, 2.87527e+06, 95778, 9435, 1.62099e+07, 
36504, 1.06553e+06, 53, 19940, 0, 450314, 0, 322, 95926, 217807, 1.2556e+07, 2.86318e+06, 102970, 9355, 1.74179e+07, 
37277, 1.04485e+06, 51, 20825, 0, 411245, 0, 292, 101354, 226049, 1.38508e+07, 2.85488e+06, 110493, 9605, 1.86677e+07, 
36645, 1.02112e+06, 44, 19045, 0, 373842, 0, 271, 105808, 229890, 1.51291e+07, 2.8211e+06, 117320, 9622, 1.98638e+07, 
37258, 1.01163e+06, 40, 20594, 0, 351543, 0, 253, 115036, 249015, 1.64309e+07, 2.8417e+06, 125447, 9546, 2.11929e+07, 
37783, 997842, 42, 20247, 0, 322413, 0, 240, 117868, 250696, 1.77254e+07, 2.83215e+06, 135283, 9442, 2.24494e+07, 
37645, 993515, 36, 20784, 0, 306796, 0, 223, 124258, 264097, 1.90758e+07, 2.83394e+06, 143246, 9680, 2.381e+07, 
38219, 989656, 32, 18660, 0, 289029, 0, 205, 115350, 253208, 2.03832e+07, 2.75136e+06, 146990, 9345, 2.49952e+07, 
