Description: Results from the BQRRP speed comparison benchmark, recording the time it takes to perform BQRRP and alternative QR and QRCP factorizations.
File format: 7 columns, containing time for each algorithm: BQRRP+CholQR, BQRRP+QRF, HQRRP, HQRRP+QRF, HQRRP+CholQR, QRF, QP3;               rows correspond to BQRRP runs with block sizes varying in powers of 2, with numruns repititions of each block size
Num OMP threads:448
Input type:2
Input size:1024 by 1024
Additional parameters: BQRRP block sizes: 8, 16, 32, 64, 128, 256, 512, 1024, num runs per size 3 BQRRP d factor: 1.000000
14016221,  7067481,  873352,  0,  0,  65294,  531176,
13999414,  6964001,  254052,  0,  0,  104706,  393771,
13827619,  6831720,  2872846,  0,  0,  60179,  490952,
7236157,  3863243,  1056156,  0,  0,  58958,  506903,
7309721,  3769826,  235511,  0,  0,  83782,  567702,
7298314,  3865491,  1727106,  0,  0,  78931,  281156,
6585912,  3493291,  378319,  0,  0,  68574,  519897,
6491162,  3519074,  1430007,  0,  0,  85892,  286689,
6497371,  3512494,  587954,  0,  0,  62364,  546668,
4289705,  1965040,  240931,  0,  0,  102310,  562544,
4263874,  1934264,  491682,  0,  0,  75500,  525865,
4229560,  1971955,  1940857,  0,  0,  72965,  465713,
3623202,  1135682,  642099,  0,  0,  76002,  580652,
3556337,  1089647,  2893296,  0,  0,  72236,  500338,
3489806,  1084712,  2962903,  0,  0,  61387,  499260,
2480472,  682293,  368461,  0,  0,  94089,  546206,
2606429,  681067,  282216,  0,  0,  55262,  541256,
2626754,  644023,  343834,  0,  0,  63639,  497786,
2152123,  367335,  376226,  0,  0,  69838,  0,
2183005,  338698,  483032,  0,  0,  71565,  0,
2191499,  361867,  431252,  0,  0,  68327,  0,
1950075,  296743,  413723,  0,  0,  62510,  0,
1975114,  234463,  304578,  0,  0,  100531,  0,
1942706,  304855,  636074,  0,  0,  75529,  0,
Description: Results from the BQRRP speed comparison benchmark, recording the time it takes to perform BQRRP and alternative QR and QRCP factorizations.
File format: 7 columns, containing time for each algorithm: BQRRP+CholQR, BQRRP+QRF, HQRRP, HQRRP+QRF, HQRRP+CholQR, QRF, QP3;               rows correspond to BQRRP runs with block sizes varying in powers of 2, with numruns repititions of each block size
Num OMP threads:448
Input type:2
Input size:2048 by 2048
Additional parameters: BQRRP block sizes: 8, 16, 32, 64, 128, 256, 512, 1024, 2048, num runs per size 3 BQRRP d factor: 1.000000
27682486,  16190419,  1644635,  0,  0,  379525,  1167627,
27670588,  16217862,  3010462,  0,  0,  382891,  1104099,
27623607,  16181138,  815281,  0,  0,  369340,  1245924,
15593443,  9166697,  803673,  0,  0,  522872,  1345238,
15510174,  9237106,  523918,  0,  0,  175818,  1117931,
15483465,  9487855,  2015327,  0,  0,  389385,  1141285,
16110458,  9802812,  2659888,  0,  0,  427205,  1122278,
16324536,  9773697,  805865,  0,  0,  419673,  1154418,
16217944,  9872928,  446715,  0,  0,  449433,  1250042,
10832594,  7004647,  452800,  0,  0,  442401,  1205207,
10767034,  6869549,  924448,  0,  0,  412528,  1644579,
10897541,  7202934,  1033763,  0,  0,  346597,  1676134,
8322377,  3801323,  1203239,  0,  0,  413915,  1211942,
8232079,  4057697,  1638921,  0,  0,  401096,  1138533,
7993029,  2901975,  497645,  0,  0,  378911,  1131995,
5107962,  1640633,  657806,  0,  0,  450407,  1163885,
5182752,  2134745,  721329,  0,  0,  369593,  1115328,
5095365,  1904761,  724355,  0,  0,  441536,  1110425,
4261871,  832646,  855489,  0,  0,  376180,  0,
4358977,  767260,  842600,  0,  0,  481527,  0,
4406749,  778557,  903830,  0,  0,  366578,  0,
3964783,  916611,  1286600,  0,  0,  441453,  0,
3963487,  764081,  2746364,  0,  0,  375995,  0,
4086060,  487345,  1433203,  0,  0,  412159,  0,
4158268,  436428,  2508807,  0,  0,  367598,  0,
4150143,  896352,  2501673,  0,  0,  419493,  0,
4163718,  555977,  2437646,  0,  0,  412992,  0,
Description: Results from the BQRRP speed comparison benchmark, recording the time it takes to perform BQRRP and alternative QR and QRCP factorizations.
File format: 7 columns, containing time for each algorithm: BQRRP+CholQR, BQRRP+QRF, HQRRP, HQRRP+QRF, HQRRP+CholQR, QRF, QP3;               rows correspond to BQRRP runs with block sizes varying in powers of 2, with numruns repititions of each block size
Num OMP threads:448
Input type:2
Input size:4096 by 4096
Additional parameters: BQRRP block sizes: 8, 16, 32, 64, 128, 256, 512, 1024, 2048, 4096, num runs per size 3 BQRRP d factor: 1.000000
96691165,  74010848,  92860970,  0,  0,  720384,  7768886,
96777352,  74077282,  94210745,  0,  0,  952058,  7738875,
96443195,  72496751,  92469860,  0,  0,  912585,  7798673,
63450536,  54082358,  46237320,  0,  0,  440294,  8134929,
63954640,  53429269,  47694457,  0,  0,  712408,  7795912,
63867562,  53507720,  47466267,  0,  0,  780805,  7976883,
54953117,  44510465,  38327093,  0,  0,  968389,  7687180,
55204265,  44251322,  36881317,  0,  0,  1020862,  8050041,
54440070,  44225723,  38511034,  0,  0,  785053,  7832045,
40687609,  35993202,  24215814,  0,  0,  636921,  7673494,
40586740,  36146815,  23211422,  0,  0,  1088427,  8168252,
40896669,  35954323,  24320108,  0,  0,  1020131,  7694788,
20199951,  13328575,  12725438,  0,  0,  584581,  7756254,
20678713,  12085402,  13611095,  0,  0,  1060140,  7626481,
20982068,  12227143,  13475363,  0,  0,  891740,  7735489,
13969843,  8164320,  9020747,  0,  0,  949244,  7701541,
13843584,  7101551,  7110557,  0,  0,  1162832,  7718420,
13811473,  8556957,  7695099,  0,  0,  1028418,  7781339,
9087084,  3382544,  8151324,  0,  0,  640954,  0,
9071607,  3239849,  6173186,  0,  0,  1116763,  0,
9021945,  3258494,  5661661,  0,  0,  1058747,  0,
8163966,  1962041,  8318273,  0,  0,  958496,  0,
8456034,  1792564,  7767684,  0,  0,  1037441,  0,
8067169,  2359235,  8424022,  0,  0,  1092271,  0,
7940307,  1715884,  15025608,  0,  0,  1052667,  0,
8425046,  1742863,  15192165,  0,  0,  991773,  0,
8359231,  2188241,  15157165,  0,  0,  1029977,  0,
8260293,  1339885,  19875182,  0,  0,  1059601,  0,
8155227,  1390580,  19732455,  0,  0,  1085005,  0,
8619498,  1563017,  19696007,  0,  0,  1095642,  0,
