Description: Results from the BQRRP speed comparison benchmark, recording the time it takes to perform BQRRP and alternative QR and QRCP factorizations.
File format: 7 columns, containing time for each algorithm: BQRRP+CholQR, BQRRP+QRF, HQRRP, HQRRP+QRF, HQRRP+CholQR, QRF, QP3;               rows correspond to BQRRP runs with block sizes varying in powers of 2, with numruns repititions of each block size
Num OMP threads:448
Input type:2
Input size:1024 by 1024
Additional parameters: BQRRP block size start: 8, 16, 32, 64, 128, 256, 512, 1024, num runs per size 3 BQRRP d factor: 1.000000
3021801,  2092828,  1908090,  0,  0,  56763,  203033,
3285799,  2294802,  1906745,  0,  0,  21981,  172490,
2878343,  1983483,  1916679,  0,  0,  11312,  194334,
2014010,  1295763,  1308967,  0,  0,  56643,  208708,
1955841,  1312609,  1268030,  0,  0,  49962,  209712,
1936899,  1266670,  1237672,  0,  0,  46191,  196447,
1232139,  1141710,  724346,  0,  0,  39382,  224354,
1166083,  1124849,  597795,  0,  0,  16519,  237384,
1224109,  1150723,  552471,  0,  0,  29949,  216022,
857726,  551647,  1119271,  0,  0,  21215,  236993,
796375,  635470,  1191410,  0,  0,  32205,  216028,
791795,  627456,  1223308,  0,  0,  36582,  218753,
498890,  301180,  459245,  0,  0,  35105,  201323,
524517,  289422,  435203,  0,  0,  19419,  184092,
463502,  267718,  392011,  0,  0,  46221,  231758,
381818,  166919,  552316,  0,  0,  4176,  199778,
393624,  176443,  529659,  0,  0,  32465,  167401,
375231,  180575,  527022,  0,  0,  51418,  231081,
299053,  128952,  705119,  0,  0,  55381,  215360,
328644,  124293,  635746,  0,  0,  95132,  229899,
242495,  119753,  637260,  0,  0,  7955,  230697,
263097,  61843,  729004,  0,  0,  7919,  194586,
303686,  53462,  757663,  0,  0,  43336,  244388,
350572,  66525,  758300,  0,  0,  48738,  675379,
Description: Results from the BQRRP speed comparison benchmark, recording the time it takes to perform BQRRP and alternative QR and QRCP factorizations.
File format: 7 columns, containing time for each algorithm: BQRRP+CholQR, BQRRP+QRF, HQRRP, HQRRP+QRF, HQRRP+CholQR, QRF, QP3;               rows correspond to BQRRP runs with block sizes varying in powers of 2, with numruns repititions of each block size
Num OMP threads:448
Input type:2
Input size:2048 by 2048
Additional parameters: BQRRP block size start: 8 BQRRP block size end: 1024 num runs per size 3 BQRRP d factor: 1.000000
6682669,  5013088,  3172764,  0,  0,  85249,  284174,
6543482,  4991573,  3068862,  0,  0,  65095,  297293,
6668767,  5029657,  2914263,  0,  0,  100655,  365197,
4613933,  3597766,  1747883,  0,  0,  68795,  284350,
4552410,  3434214,  1541579,  0,  0,  58335,  290613,
4561501,  3444551,  1715164,  0,  0,  57889,  308797,
3368799,  3166227,  1048722,  0,  0,  65094,  280240,
3245303,  3208628,  900813,  0,  0,  70291,  288222,
3262185,  3204197,  940878,  0,  0,  67832,  282627,
2920502,  2580466,  2626761,  0,  0,  66086,  314499,
2894602,  2530340,  2330981,  0,  0,  53505,  293043,
2902120,  2480786,  2219892,  0,  0,  66871,  280511,
919728,  733254,  914080,  0,  0,  139944,  286704,
991665,  782667,  824044,  0,  0,  71032,  281696,
895689,  729496,  1103015,  0,  0,  64919,  393349,
802880,  341960,  1208220,  0,  0,  100706,  274319,
651695,  333475,  1249907,  0,  0,  59523,  271643,
685726,  348961,  1178937,  0,  0,  60604,  315414,
453343,  305479,  1770176,  0,  0,  107607,  282240,
506216,  240662,  1733116,  0,  0,  59155,  293884,
508078,  267676,  1718112,  0,  0,  60127,  312301,
433878,  178798,  2228018,  0,  0,  66438,  326185,
526587,  162656,  2343021,  0,  0,  59766,  268508,
419293,  171573,  2285246,  0,  0,  64837,  256315,
606159,  219845,  2586820,  0,  0,  2426349,  334629,
530876,  168324,  2582827,  0,  0,  64788,  301432,
446091,  146024,  2550067,  0,  0,  47960,  290678,
Description: Results from the BQRRP speed comparison benchmark, recording the time it takes to perform BQRRP and alternative QR and QRCP factorizations.
File format: 7 columns, containing time for each algorithm: BQRRP+CholQR, BQRRP+QRF, HQRRP, HQRRP+QRF, HQRRP+CholQR, QRF, QP3;               rows correspond to BQRRP runs with block sizes varying in powers of 2, with numruns repititions of each block size
Num OMP threads:448
Input type:2
Input size:4096 by 4096
Additional parameters: BQRRP block size start: 8 BQRRP block size end: 1024 num runs per size 3 BQRRP d factor: 1.000000
37095428,  34799615,  72906731,  0,  0,  220863,  923702,
36856286,  34701948,  73691206,  0,  0,  240078,  917368,
37416460,  34796641,  73048000,  0,  0,  250491,  939597,
25446359,  24570156,  70127334,  0,  0,  223298,  951511,
25952760,  24666376,  69893897,  0,  0,  202701,  915300,
25787295,  24259256,  69754355,  0,  0,  294744,  944346,
19912714,  18931745,  67736483,  0,  0,  281840,  930773,
19487107,  19185219,  68219190,  0,  0,  205706,  906370,
19277020,  19250908,  68023338,  0,  0,  239991,  902288,
16248695,  15878761,  70305777,  0,  0,  278404,  943527,
16634457,  15881811,  70859007,  0,  0,  221431,  940263,
16543758,  15716265,  71162818,  0,  0,  234465,  1003540,
3212501,  2799807,  67070850,  0,  0,  223130,  902161,
3368215,  2980059,  66561832,  0,  0,  248430,  923856,
3430791,  2727702,  66980896,  0,  0,  244993,  918125,
2372423,  2476403,  67323580,  0,  0,  217567,  923933,
2146295,  2096811,  67447241,  0,  0,  314243,  974316,
2283046,  1689231,  66928722,  0,  0,  218175,  950222,
1618990,  1611476,  67552783,  0,  0,  245761,  937556,
1504860,  1151729,  66575331,  0,  0,  260654,  942690,
1409713,  1048596,  67565950,  0,  0,  311812,  914623,
1472806,  924008,  66269905,  0,  0,  234628,  912646,
1305697,  757927,  66986213,  0,  0,  231946,  944291,
1166940,  719259,  65843344,  0,  0,  294572,  896449,
975665,  526363,  36608285,  0,  0,  637283,  890248,
1071856,  518029,  37214816,  0,  0,  162293,  835929,
1196843,  599668,  36680606,  0,  0,  156111,  865002,
1329279,  591814,  13722850,  0,  0,  179077,  845297,
1276757,  753541,  13570407,  0,  0,  182568,  894239,
1221718,  642336,  13785474,  0,  0,  153821,  861150,