Description: Results from the BQRRP speed comparison benchmark, recording the time it takes to perform BQRRP and alternative QR and QRCP factorizations.
File format: 7 columns, containing time for each algorithm: BQRRP+CholQR, BQRRP+QRF, HQRRP, HQRRP+QRF, HQRRP+CholQR, QRF, QP3;               rows correspond to BQRRP runs with block sizes varying in powers of 2, with numruns repititions of each block size
Num OMP threads:448
Input type:2
Input size:1000 by 1000
Additional parameters: BQRRP block size start: 5 BQRRP block size end: 1000 num runs per size 3 BQRRP d factor: 1.000000
3196520,  2811115,  2293827,  0,  0,  73026,  185716,
3092435,  2558494,  2536285,  0,  0,  9664,  169813,
3130660,  2555867,  2433928,  0,  0,  16647,  186500,
2132245,  1429636,  1314129,  0,  0,  29498,  211271,
2139643,  1415204,  1243867,  0,  0,  35740,  156490,
2125399,  1421033,  1356102,  0,  0,  28085,  162289,
1265369,  1063022,  625513,  0,  0,  33277,  190476,
1271197,  999244,  550834,  0,  0,  17255,  173280,
1238538,  998272,  518399,  0,  0,  19206,  192756,
707813,  703180,  357568,  0,  0,  16859,  186013,
753452,  604743,  354377,  0,  0,  15990,  159736,
719235,  650358,  305640,  0,  0,  28387,  185415,
446831,  260331,  389032,  0,  0,  16597,  177736,
377028,  311817,  358518,  0,  0,  28625,  189338,
444453,  320418,  372594,  0,  0,  21342,  167895,
355399,  210094,  498694,  0,  0,  28352,  259241,
325227,  157850,  469917,  0,  0,  27144,  186873,
283423,  201713,  468472,  0,  0,  32114,  168594,
256375,  104418,  598919,  0,  0,  16495,  161193,
221051,  99425,  593754,  0,  0,  10322,  162326,
240121,  130419,  578537,  0,  0,  24778,  187982,
155965,  95530,  606119,  0,  0,  19894,  174242,
139877,  58682,  624839,  0,  0,  31267,  249065,
221078,  49094,  628592,  0,  0,  17835,  171436,
Description: Results from the BQRRP speed comparison benchmark, recording the time it takes to perform BQRRP and alternative QR and QRCP factorizations.
File format: 7 columns, containing time for each algorithm: BQRRP+CholQR, BQRRP+QRF, HQRRP, HQRRP+QRF, HQRRP+CholQR, QRF, QP3;               rows correspond to BQRRP runs with block sizes varying in powers of 2, with numruns repititions of each block size
Num OMP threads:448
Input type:2
Input size:2000 by 2000
Additional parameters: BQRRP block size start: 5 BQRRP block size end: 2000 num runs per size 3 BQRRP d factor: 1.000000
10660582,  8607892,  5817441,  0,  0,  105785,  368955,
10973039,  8659200,  6181595,  0,  0,  82296,  379979,
10995828,  8589241,  5889563,  0,  0,  60261,  403040,
7162285,  5132412,  4641917,  0,  0,  79235,  370599,
7170370,  4999095,  4506810,  0,  0,  89343,  383392,
7229966,  5112651,  4335916,  0,  0,  45044,  377330,
4187855,  3666253,  1479557,  0,  0,  68845,  375414,
4170040,  3620402,  1453757,  0,  0,  50539,  377776,
4134477,  3713127,  1455552,  0,  0,  123425,  416221,
2893727,  2643627,  737981,  0,  0,  58073,  345070,
2876213,  2585139,  1018087,  0,  0,  65022,  340750,
2954336,  2514289,  747347,  0,  0,  46601,  377137,
1038359,  644026,  1201259,  0,  0,  70766,  368220,
976999,  603525,  1131936,  0,  0,  106024,  370581,
1012923,  674708,  1222255,  0,  0,  60516,  340296,
626423,  335909,  1747281,  0,  0,  40575,  375547,
687809,  336735,  1701269,  0,  0,  97647,  390033,
617755,  437363,  1856779,  0,  0,  51646,  366062,
577729,  214602,  2226383,  0,  0,  51418,  346611,
529722,  201602,  2010297,  0,  0,  40013,  347068,
610737,  213813,  2097810,  0,  0,  37162,  370883,
467394,  174956,  2741514,  0,  0,  41522,  375329,
479216,  151708,  2699711,  0,  0,  37391,  394850,
441791,  174657,  2635158,  0,  0,  53954,  392428,
472443,  160883,  2913632,  0,  0,  135253,  409936,
483358,  161075,  2810745,  0,  0,  38485,  384217,
476992,  140648,  2897435,  0,  0,  58914,  362392,
Description: Results from the BQRRP speed comparison benchmark, recording the time it takes to perform BQRRP and alternative QR and QRCP factorizations.
File format: 7 columns, containing time for each algorithm: BQRRP+CholQR, BQRRP+QRF, HQRRP, HQRRP+QRF, HQRRP+CholQR, QRF, QP3;               rows correspond to BQRRP runs with block sizes varying in powers of 2, with numruns repititions of each block size
Num OMP threads:448
Input type:2
Input size:4000 by 4000
Additional parameters: BQRRP block size start: 5 BQRRP block size end: 4000 num runs per size 3 BQRRP d factor: 1.000000
33922097,  36386997,  4773429,  0,  0,  178854,  758972,
34029366,  30580272,  4805844,  0,  0,  156611,  740460,
33518859,  30582491,  4887391,  0,  0,  106235,  701520,
24807410,  22407647,  3413967,  0,  0,  145064,  741128,
24735174,  22978901,  3244848,  0,  0,  195038,  709216,
24651261,  22580766,  3399029,  0,  0,  127633,  704256,
17381163,  16530067,  1592125,  0,  0,  133490,  743393,
17238132,  16917596,  1336430,  0,  0,  161604,  732011,
17252027,  16595270,  1551933,  0,  0,  128387,  736854,
13174338,  13226609,  1138747,  0,  0,  162524,  724471,
13376614,  12725459,  1139185,  0,  0,  175706,  749469,
13538048,  12852921,  1038980,  0,  0,  169714,  737392,
1897042,  1319291,  2296208,  0,  0,  163730,  734526,
1780449,  1401910,  1969823,  0,  0,  149233,  761891,
1889760,  1223221,  2149005,  0,  0,  357789,  734210,
1325254,  710593,  3148912,  0,  0,  144714,  720320,
1222424,  740525,  3131021,  0,  0,  154423,  695831,
1232746,  709695,  3126486,  0,  0,  171244,  716352,
1016565,  568493,  4575818,  0,  0,  158260,  719679,
1002439,  503903,  4526276,  0,  0,  169786,  742889,
984073,  513958,  4669275,  0,  0,  130443,  755171,
880478,  460228,  7003008,  0,  0,  161250,  758447,
924078,  490424,  6915102,  0,  0,  203075,  745911,
914060,  494384,  6864517,  0,  0,  137891,  740009,
875371,  344582,  10550188,  0,  0,  132693,  742218,
846928,  343450,  10572164,  0,  0,  186420,  728970,
885927,  348988,  10483655,  0,  0,  134354,  752960,
953197,  582127,  12715819,  0,  0,  154460,  705135,
992922,  540734,  12720254,  0,  0,  148468,  808748,
1000174,  549909,  12573073,  0,  0,  134111,  716933,